1, 1, 33, 1, 45, 3, 22, 6, 74, 9, 73, 12, 75, 15, 77, 15, 79, 18, 402, 21, 36, 24, 230, 27, 235, 30, 388, 33, 38, 36, 76, 
2, 1, 33, 1, 45, 1, 22, 1, 74, 9, 73, 12, 75, 15, 77, 15, 79, 20, 402, 25, 36, 30, 230, 35, 235, 40, 388, 45, 38, 50, 76, 
3, 0, 572, 1, 572, 1, 80, 1, 33, 1, 45, 1, 22, 1, 74, 9, 73, 12, 75, 15, 77, 15, 79, 20, 402, 25, 36, 30, 230, 37, 235, 44, 388, 51, 38, 58, 76, 
4, 1, 10, 1, 45, 4, 52, 8, 108, 12, 225, 17, 424, 20, 163, 24, 53, 28, 184, 32, 83, 36, 517, 40, 394, 
5, 1, 10, 1, 45, 1, 52, 1, 108, 12, 225, 19, 424, 24, 163, 30, 53, 37, 184, 42, 83, 48, 517, 54, 394, 
6, 0, 403, 1, 403, 1, 337, 1, 257, 1, 10, 1, 45, 1, 52, 1, 108, 12, 225, 19, 424, 24, 163, 30, 53, 39, 184, 46, 83, 54, 517, 62, 394, 
7, 1, 33, 1, 39, 3, 55, 6, 110, 9, 229, 12, 44, 15, 352, 18, 182, 21, 240, 24, 401, 27, 504, 30, 334, 33, 56, 36, 130, 
8, 1, 33, 1, 39, 1, 55, 1, 110, 9, 229, 12, 44, 15, 352, 20, 182, 25, 240, 30, 401, 35, 504, 40, 334, 45, 56, 50, 130, 
9, 0, 430, 1, 430, 1, 33, 1, 39, 1, 55, 1, 110, 9, 229, 12, 44, 15, 352, 20, 182, 25, 240, 30, 401, 35, 504, 42, 334, 49, 56, 56, 130, 
10, 1, 33, 1, 81, 9, 450, 
11, 0, 106, 1, 106, 
12, 0, 16, 1, 16, 1, 106, 1, 33, 1, 81, 1, 450, 4, 48, 8, 93, 12, 77, 12, 78, 12, 79, 16, 60, 20, 18, 24, 403, 28, 219, 32, 405, 36, 366, 40, 476, 44, 483, 
13, 1, 40, 1, 81, 9, 450, 
14, 0, 106, 1, 106, 
15, 0, 31, 1, 450, 1, 31, 1, 40, 1, 81, 1, 106, 11, 210, 14, 673, 17, 40, 20, 116, 23, 474, 26, 372, 29, 390, 32, 42, 35, 398, 38, 97, 41, 283, 44, 565, 
16, 1, 33, 5, 28, 9, 16, 13, 98, 17, 18, 21, 239, 25, 297, 29, 97, 33, 17, 37, 355, 41, 366, 45, 332, 49, 403, 53, 542, 
17, 1, 33, 1, 28, 1, 16, 5, 28, 9, 16, 13, 98, 17, 18, 22, 239, 27, 297, 32, 97, 37, 17, 42, 355, 47, 366, 52, 332, 57, 403, 62, 542, 
18, 1, 542, 1, 33, 1, 28, 1, 16, 1, 98, 5, 28, 9, 16, 13, 98, 17, 18, 22, 239, 27, 297, 32, 97, 38, 17, 44, 355, 50, 366, 56, 332, 62, 403, 68, 542, 
19, 1, 33, 1, 39, 4, 98, 7, 116, 10, 44, 13, 673, 16, 36, 19, 372, 22, 242, 25, 389, 28, 162, 31, 38, 34, 283, 
20, 0, 184, 1, 184, 1, 14, 1, 33, 1, 39, 1, 98, 1, 116, 4, 98, 7, 116, 10, 44, 13, 673, 16, 36, 19, 372, 24, 242, 29, 389, 34, 162, 39, 38, 44, 283, 
21, 1, 64, 1, 45, 4, 43, 8, 372, 11, 31, 15, 332, 18, 17, 22, 36, 25, 97, 29, 116, 32, 355, 36, 65, 
22, 1, 529, 1, 365, 1, 64, 1, 45, 1, 43, 4, 43, 8, 372, 11, 31, 15, 332, 18, 17, 23, 36, 27, 97, 32, 116, 36, 355, 41, 65, 45, 529, 
23, 1, 35, 1, 43, 4, 40, 9, 44, 12, 137, 17, 103, 20, 51, 25, 254, 25, 256, 25, 255, 28, 491, 33, 188, 36, 380, 38, 562, 41, 114, 44, 489, 49, 441, 
24, 0, 242, 1, 242, 1, 423, 1, 422, 1, 424, 1, 35, 1, 43, 1, 40, 1, 44, 4, 40, 9, 44, 12, 137, 17, 103, 20, 51, 27, 254, 27, 256, 27, 255, 32, 491, 39, 188, 44, 380, 48, 562, 51, 114, 56, 489, 63, 441, 
25, 1, 589, 1, 186, 1, 609, 1, 417, 1, 204, 1, 84, 1, 39, 1, 45, 1, 98, 4, 86, 8, 104, 12, 486, 16, 364, 20, 209, 24, 97, 28, 21, 32, 435, 36, 85, 40, 113, 44, 87, 
26, 0, 9, 1, 9, 1, 589, 1, 186, 1, 609, 1, 417, 1, 204, 1, 86, 1, 104, 1, 486, 1, 364, 1, 209, 1, 97, 1, 21, 1, 435, 1, 85, 1, 113, 1, 87, 1, 84, 1, 39, 1, 45, 1, 98, 
27, 1, 10, 1, 111, 3, 40, 6, 28, 9, 205, 12, 210, 15, 229, 18, 523, 21, 129, 24, 154, 27, 97, 30, 163, 33, 91, 36, 360, 39, 14, 42, 201, 45, 89, 
28, 1, 306, 1, 10, 1, 111, 1, 40, 1, 28, 1, 97, 9, 205, 12, 210, 15, 229, 18, 523, 21, 129, 26, 154, 31, 328, 36, 163, 41, 91, 46, 360, 51, 14, 56, 201, 61, 89, 
29, 1, 45, 1, 40, 5, 10, 10, 39, 15, 154, 20, 390, 25, 24, 30, 44, 35, 270, 40, 92, 45, 260, 50, 242, 55, 414, 
30, 1, 45, 1, 40, 1, 10, 1, 39, 15, 154, 22, 390, 29, 24, 36, 44, 43, 270, 50, 92, 57, 260, 64, 242, 71, 414, 
31, 0, 276, 1, 482, 1, 276, 1, 154, 1, 390, 1, 24, 1, 44, 1, 270, 1, 92, 1, 260, 1, 242, 1, 414, 1, 45, 1, 40, 1, 10, 1, 39, 
32, 1, 43, 1, 40, 5, 64, 10, 116, 15, 31, 20, 390, 25, 24, 30, 30, 35, 270, 40, 92, 45, 260, 50, 398, 55, 414, 
33, 1, 43, 1, 40, 1, 64, 1, 116, 15, 31, 22, 390, 29, 24, 36, 30, 43, 270, 50, 92, 57, 260, 64, 398, 71, 414, 
34, 0, 224, 1, 482, 1, 224, 1, 31, 1, 390, 1, 24, 1, 30, 1, 270, 1, 92, 1, 260, 1, 398, 1, 414, 1, 43, 1, 40, 1, 64, 1, 116, 
35, 1, 47, 1, 186, 1, 574, 1, 227, 1, 204, 1, 150, 1, 1, 1, 383, 1, 45, 1, 111, 4, 500, 8, 107, 12, 495, 16, 791, 20, 118, 24, 236, 28, 356, 32, 309, 36, 266, 40, 322, 44, 585, 48, 361, 
36, 1, 47, 1, 186, 1, 574, 1, 227, 1, 204, 1, 500, 1, 107, 1, 495, 1, 791, 1, 118, 1, 236, 1, 356, 1, 309, 1, 266, 1, 322, 1, 585, 1, 361, 1, 150, 1, 1, 1, 383, 1, 45, 1, 111, 
37, 1, 52, 1, 39, 4, 50, 8, 98, 12, 180, 16, 510, 20, 109, 24, 261, 28, 326, 32, 53, 36, 286, 40, 83, 44, 219, 48, 517, 52, 288, 56, 126, 
38, 1, 417, 1, 510, 1, 180, 1, 510, 1, 109, 1, 261, 1, 326, 1, 53, 1, 286, 1, 83, 1, 219, 1, 517, 1, 288, 1, 126, 1, 52, 1, 39, 1, 50, 1, 98, 
39, 1, 186, 1, 574, 1, 50, 1, 204, 1, 47, 1, 1, 1, 383, 1, 111, 4, 497, 8, 343, 12, 254, 12, 256, 12, 255, 16, 496, 20, 156, 24, 34, 28, 102, 32, 360, 36, 304, 40, 583, 44, 38, 
40, 1, 186, 1, 574, 1, 50, 1, 204, 1, 497, 1, 343, 1, 254, 1, 256, 1, 255, 1, 496, 1, 156, 1, 34, 1, 102, 1, 360, 1, 583, 1, 304, 1, 38, 1, 47, 1, 1, 1, 383, 1, 111, 
41, 1, 71, 1, 48, 5, 310, 10, 212, 15, 305, 20, 501, 25, 314, 30, 44, 35, 114, 40, 474, 45, 109, 50, 403, 55, 141, 
42, 1, 103, 1, 71, 1, 48, 1, 310, 1, 212, 15, 305, 20, 501, 27, 314, 34, 44, 41, 114, 48, 474, 55, 109, 62, 403, 69, 141, 
43, 1, 71, 1, 74, 4, 51, 8, 230, 12, 72, 14, 77, 16, 78, 18, 79, 20, 202, 24, 92, 28, 585, 32, 580, 36, 236, 40, 80, 
44, 1, 71, 1, 74, 1, 51, 1, 230, 12, 72, 14, 77, 16, 78, 18, 79, 20, 202, 26, 92, 32, 585, 38, 580, 44, 236, 50, 80, 
45, 0, 572, 1, 572, 1, 312, 1, 72, 1, 77, 1, 78, 1, 79, 1, 202, 1, 92, 1, 585, 1, 580, 1, 236, 1, 80, 1, 71, 1, 74, 1, 51, 1, 230, 
46, 1, 10, 6, 78, 6, 77, 11, 71, 17, 210, 22, 147, 27, 163, 33, 74, 38, 202, 43, 312, 49, 476, 54, 404, 
47, 1, 440, 1, 10, 1, 78, 1, 77, 1, 71, 6, 78, 6, 77, 11, 71, 17, 210, 22, 147, 29, 163, 37, 74, 44, 202, 51, 312, 59, 476, 66, 404, 
48, 1, 33, 1, 50, 1, 522, 5, 48, 11, 93, 13, 77, 17, 60, 23, 78, 25, 72, 29, 79, 35, 141, 37, 428, 41, 305, 47, 94, 
49, 0, 16, 1, 16, 1, 483, 1, 405, 1, 18, 1, 33, 1, 50, 1, 522, 1, 48, 5, 48, 11, 93, 13, 77, 17, 60, 23, 78, 25, 72, 29, 79, 37, 141, 41, 428, 47, 305, 55, 94, 59, 405, 63, 483, 
50, 1, 28, 1, 10, 4, 45, 8, 310, 12, 189, 16, 523, 20, 389, 24, 163, 28, 201, 32, 91, 36, 414, 40, 89, 44, 90, 
51, 0, 328, 1, 328, 1, 400, 1, 161, 1, 28, 1, 10, 1, 45, 1, 310, 12, 189, 16, 523, 20, 389, 24, 163, 30, 201, 36, 91, 42, 414, 48, 89, 54, 90, 
52, 1, 252, 1, 45, 4, 364, 8, 10, 12, 6, 16, 44, 20, 269, 24, 372, 29, 154, 32, 103, 36, 163, 40, 417, 44, 583, 
53, 0, 408, 1, 408, 1, 415, 1, 252, 1, 45, 1, 364, 1, 10, 12, 6, 16, 44, 20, 269, 24, 372, 31, 154, 36, 103, 42, 163, 48, 417, 54, 583, 
54, 1, 10, 1, 39, 3, 55, 6, 93, 9, 154, 12, 352, 15, 50, 18, 428, 21, 103, 24, 401, 27, 487, 30, 244, 34, 133, 36, 56, 39, 472, 
55, 1, 453, 1, 10, 1, 39, 1, 55, 1, 93, 9, 154, 12, 352, 15, 50, 18, 428, 21, 103, 24, 401, 27, 487, 30, 244, 36, 133, 40, 56, 45, 472, 
56, 1, 343, 1, 10, 1, 67, 1, 43, 1, 116, 5, 154, 8, 189, 12, 69, 15, 514, 19, 207, 22, 238, 26, 372, 29, 130, 33, 37, 36, 370, 40, 103, 43, 707, 47, 200, 50, 515, 
57, 1, 515, 1, 374, 1, 10, 1, 67, 1, 43, 1, 116, 1, 343, 5, 154, 8, 189, 12, 69, 15, 514, 19, 207, 22, 238, 26, 372, 30, 130, 35, 37, 39, 370, 44, 103, 48, 707, 53, 200, 57, 515, 
58, 1, 52, 1, 43, 4, 336, 8, 44, 12, 172, 16, 270, 20, 97, 24, 424, 28, 514, 32, 242, 36, 36, 40, 53, 44, 46, 48, 583, 52, 179, 56, 394, 
59, 0, 245, 1, 245, 1, 682, 1, 172, 1, 270, 1, 97, 1, 424, 1, 514, 1, 242, 1, 36, 1, 53, 1, 46, 1, 583, 1, 179, 1, 394, 1, 52, 1, 43, 1, 336, 1, 44, 
60, 1, 55, 1, 95, 6, 1, 12, 341, 18, 61, 24, 240, 30, 34, 36, 414, 42, 56, 48, 187, 54, 38, 
61, 1, 55, 1, 95, 1, 1, 1, 341, 18, 61, 24, 240, 32, 34, 40, 414, 48, 56, 56, 187, 66, 38, 
62, 0, 66, 1, 66, 1, 509, 1, 170, 1, 223, 1, 61, 1, 240, 1, 34, 1, 414, 1, 56, 1, 187, 1, 38, 1, 55, 1, 95, 1, 1, 1, 341, 
63, 1, 100, 
64, 0, 93, 1, 93, 1, 134, 1, 50, 1, 100, 5, 60, 10, 115, 15, 502, 20, 427, 25, 105, 30, 473, 35, 94, 40, 272, 45, 248, 50, 347, 
65, 1, 93, 1, 134, 1, 50, 1, 100, 5, 60, 10, 115, 15, 502, 20, 427, 25, 105, 30, 473, 35, 94, 40, 272, 45, 248, 50, 347, 
66, 1, 67, 1, 43, 4, 116, 8, 279, 12, 490, 16, 282, 20, 184, 24, 233, 29, 70, 32, 530, 36, 339, 40, 69, 44, 223, 48, 238, 52, 38, 
67, 1, 67, 1, 43, 1, 116, 1, 279, 12, 490, 16, 282, 20, 184, 24, 233, 31, 70, 36, 530, 42, 339, 48, 69, 54, 223, 60, 238, 66, 38, 
68, 1, 469, 1, 67, 1, 43, 1, 116, 1, 279, 12, 490, 16, 282, 20, 184, 24, 233, 31, 70, 36, 530, 42, 339, 48, 69, 54, 223, 60, 238, 66, 38, 
69, 1, 22, 7, 74, 11, 35, 13, 79, 15, 77, 17, 78, 23, 51, 27, 282, 29, 230, 35, 380, 39, 75, 41, 398, 47, 21, 
70, 1, 22, 1, 74, 1, 35, 7, 74, 11, 35, 13, 79, 15, 77, 17, 78, 24, 51, 29, 282, 32, 230, 39, 380, 44, 75, 47, 398, 54, 21, 
71, 0, 536, 1, 536, 1, 254, 1, 256, 1, 255, 1, 22, 1, 79, 1, 230, 1, 75, 1, 74, 1, 35, 1, 77, 1, 78, 1, 51, 1, 282, 1, 380, 1, 398, 1, 21, 32, 437, 44, 348, 
72, 1, 40, 1, 55, 4, 51, 8, 35, 12, 48, 16, 352, 20, 103, 24, 61, 28, 506, 32, 151, 36, 398, 40, 57, 44, 482, 48, 56, 
73, 1, 513, 1, 40, 1, 55, 1, 51, 1, 35, 12, 48, 16, 352, 20, 103, 24, 61, 28, 506, 34, 151, 40, 398, 46, 57, 52, 482, 58, 56, 
74, 1, 33, 1, 111, 4, 201, 6, 397, 10, 205, 12, 106, 16, 88, 18, 479, 22, 523, 24, 120, 28, 446, 30, 350, 34, 89, 36, 153, 40, 38, 42, 444, 
75, 1, 33, 1, 111, 1, 397, 4, 201, 6, 397, 10, 205, 12, 106, 16, 88, 18, 479, 22, 523, 24, 120, 30, 446, 34, 350, 40, 89, 44, 153, 50, 38, 54, 444, 
76, 1, 484, 1, 33, 1, 111, 1, 397, 4, 201, 6, 397, 10, 205, 12, 106, 16, 88, 18, 479, 22, 523, 24, 120, 30, 446, 34, 350, 40, 89, 44, 153, 50, 38, 54, 444, 60, 484, 
77, 1, 33, 1, 45, 5, 39, 10, 52, 15, 488, 20, 97, 25, 172, 30, 23, 35, 83, 41, 36, 45, 517, 50, 126, 55, 394, 
78, 0, 684, 1, 684, 1, 224, 1, 398, 1, 33, 1, 98, 1, 45, 1, 39, 1, 52, 15, 488, 20, 97, 25, 172, 30, 23, 35, 83, 43, 36, 49, 517, 56, 126, 63, 394, 
79, 1, 33, 1, 174, 3, 45, 6, 55, 9, 281, 12, 93, 15, 50, 18, 352, 21, 29, 24, 428, 27, 133, 30, 57, 33, 303, 36, 94, 39, 244, 42, 240, 45, 505, 
80, 1, 110, 1, 33, 1, 174, 1, 45, 1, 55, 9, 281, 12, 93, 15, 50, 18, 352, 21, 29, 24, 428, 27, 133, 30, 57, 33, 303, 36, 94, 41, 244, 46, 240, 51, 505, 
81, 1, 84, 1, 33, 4, 48, 8, 86, 12, 486, 16, 360, 20, 209, 24, 103, 28, 393, 32, 430, 36, 435, 40, 319, 44, 113, 48, 199, 52, 192, 
82, 0, 161, 1, 161, 1, 604, 1, 84, 1, 33, 1, 48, 1, 86, 12, 486, 16, 360, 20, 209, 24, 103, 28, 393, 34, 430, 40, 435, 46, 319, 52, 113, 58, 199, 64, 192, 
83, 1, 64, 1, 28, 5, 43, 10, 210, 15, 15, 20, 332, 25, 314, 30, 282, 35, 206, 40, 163, 45, 14, 50, 403, 55, 348, 60, 97, 65, 413, 
84, 1, 64, 1, 45, 5, 98, 8, 43, 12, 31, 15, 17, 19, 365, 22, 458, 26, 97, 29, 253, 33, 367, 36, 14, 40, 679, 43, 65, 47, 283, 50, 37, 
85, 0, 161, 1, 161, 1, 64, 1, 45, 1, 98, 5, 98, 8, 43, 12, 31, 15, 17, 19, 365, 22, 458, 26, 97, 29, 253, 34, 367, 38, 14, 43, 679, 47, 65, 52, 283, 56, 37, 
86, 1, 29, 3, 45, 7, 55, 11, 196, 13, 227, 17, 420, 21, 156, 23, 392, 27, 62, 31, 453, 33, 362, 37, 36, 41, 291, 43, 401, 47, 58, 51, 219, 53, 258, 
87, 0, 329, 1, 329, 1, 29, 1, 45, 1, 61, 1, 196, 1, 55, 3, 45, 7, 61, 11, 196, 13, 227, 17, 420, 21, 156, 23, 392, 27, 62, 31, 453, 33, 362, 39, 36, 45, 291, 49, 401, 55, 58, 61, 219, 65, 258, 
88, 1, 1, 1, 139, 4, 106, 7, 189, 12, 50, 15, 124, 18, 123, 21, 107, 26, 374, 29, 188, 32, 482, 37, 103, 40, 441, 43, 151, 46, 562, 48, 262, 
89, 0, 599, 1, 599, 1, 1, 1, 139, 1, 106, 1, 189, 4, 106, 7, 189, 12, 50, 15, 124, 18, 123, 21, 107, 26, 374, 29, 188, 32, 482, 37, 103, 40, 441, 46, 151, 52, 562, 57, 262, 
90, 1, 33, 1, 55, 4, 110, 8, 420, 12, 43, 16, 250, 20, 48, 24, 62, 28, 182, 32, 534, 36, 334, 40, 58, 44, 504, 48, 56, 
91, 0, 333, 1, 333, 1, 556, 1, 390, 1, 191, 1, 43, 1, 250, 1, 48, 1, 62, 1, 182, 1, 534, 1, 334, 1, 58, 1, 504, 1, 56, 1, 33, 1, 55, 1, 110, 1, 420, 
92, 1, 122, 1, 109, 4, 95, 8, 212, 12, 371, 16, 180, 20, 174, 24, 506, 28, 101, 32, 389, 36, 399, 40, 247, 44, 194, 48, 138, 
93, 0, 325, 1, 325, 1, 122, 1, 109, 1, 95, 1, 212, 12, 371, 16, 180, 20, 174, 24, 506, 30, 101, 36, 389, 42, 399, 48, 247, 54, 194, 60, 138, 
94, 1, 325, 1, 195, 1, 513, 1, 122, 1, 109, 1, 95, 1, 212, 12, 371, 16, 180, 20, 174, 24, 506, 30, 101, 36, 389, 42, 399, 48, 247, 54, 194, 60, 138, 
95, 1, 33, 1, 106, 1, 20, 1, 88, 4, 479, 8, 397, 12, 225, 16, 174, 20, 157, 24, 103, 28, 328, 32, 446, 36, 21, 40, 201, 44, 91, 48, 231, 52, 444, 56, 38, 
96, 1, 1, 1, 95, 5, 50, 9, 93, 13, 29, 17, 139, 21, 95, 25, 60, 29, 170, 33, 244, 37, 95, 41, 428, 45, 207, 49, 94, 53, 417, 57, 473, 61, 248, 
97, 1, 248, 1, 417, 1, 415, 1, 1, 1, 95, 1, 50, 1, 93, 5, 50, 9, 93, 13, 29, 17, 139, 21, 95, 25, 60, 29, 170, 33, 244, 37, 95, 41, 428, 45, 207, 49, 94, 53, 417, 57, 473, 61, 248, 
98, 1, 55, 1, 43, 4, 106, 8, 232, 12, 341, 16, 182, 20, 61, 24, 23, 29, 175, 32, 534, 36, 21, 40, 14, 44, 152, 48, 12, 
99, 1, 469, 1, 359, 1, 55, 1, 43, 1, 106, 1, 232, 12, 341, 16, 182, 20, 61, 24, 23, 31, 175, 36, 534, 42, 21, 48, 14, 54, 152, 60, 12, 
100, 1, 268, 1, 33, 4, 84, 6, 598, 9, 209, 11, 205, 13, 103, 16, 451, 20, 129, 22, 486, 26, 120, 29, 113, 34, 393, 37, 435, 41, 153, 46, 360, 48, 243, 
101, 1, 602, 1, 268, 1, 33, 1, 598, 4, 84, 6, 598, 9, 209, 11, 205, 13, 103, 16, 451, 20, 129, 22, 486, 26, 120, 29, 113, 36, 393, 41, 435, 47, 153, 54, 360, 58, 243, 
102, 1, 71, 1, 95, 5, 115, 10, 73, 15, 72, 20, 93, 25, 235, 30, 331, 35, 202, 40, 326, 45, 253, 50, 388, 55, 76, 
103, 0, 23, 1, 23, 1, 402, 1, 473, 1, 452, 1, 437, 1, 72, 1, 93, 1, 235, 1, 331, 1, 202, 1, 326, 1, 253, 1, 388, 1, 76, 1, 71, 1, 95, 1, 115, 1, 73, 
104, 1, 189, 1, 45, 4, 39, 8, 206, 12, 29, 16, 514, 20, 374, 24, 707, 29, 198, 32, 116, 36, 283, 40, 155, 44, 37, 48, 38, 
105, 1, 189, 1, 45, 1, 39, 1, 206, 12, 29, 16, 514, 20, 374, 24, 707, 31, 198, 36, 116, 42, 283, 48, 155, 54, 37, 60, 38, 
106, 0, 280, 1, 280, 1, 364, 1, 490, 1, 33, 1, 270, 1, 252, 1, 116, 4, 24, 8, 67, 12, 203, 16, 279, 21, 469, 24, 299, 28, 170, 32, 25, 36, 370, 40, 179, 44, 136, 
107, 0, 409, 1, 409, 1, 364, 1, 410, 1, 418, 1, 33, 1, 270, 1, 252, 1, 116, 4, 183, 8, 612, 12, 197, 16, 279, 21, 501, 24, 9, 24, 8, 24, 7, 28, 97, 32, 5, 36, 370, 40, 68, 44, 264, 
108, 1, 122, 1, 111, 6, 205, 12, 48, 18, 35, 24, 50, 30, 23, 36, 282, 42, 103, 48, 21, 54, 438, 60, 187, 
109, 1, 139, 1, 33, 4, 123, 8, 108, 12, 499, 16, 372, 20, 124, 24, 114, 28, 120, 32, 188, 36, 92, 40, 562, 44, 153, 48, 262, 52, 194, 
110, 0, 458, 1, 458, 1, 257, 1, 139, 1, 33, 1, 123, 1, 108, 12, 499, 16, 372, 20, 124, 24, 114, 28, 120, 32, 188, 38, 92, 44, 562, 50, 153, 56, 262, 62, 194, 
111, 1, 33, 1, 39, 5, 479, 10, 523, 15, 30, 20, 184, 25, 23, 30, 350, 35, 529, 40, 36, 45, 89, 50, 444, 55, 224, 60, 32, 
112, 0, 359, 1, 359, 1, 33, 1, 39, 1, 479, 1, 523, 15, 30, 20, 184, 25, 23, 30, 350, 35, 529, 40, 36, 47, 89, 54, 444, 61, 224, 68, 32, 
113, 1, 186, 1, 574, 1, 343, 1, 204, 1, 107, 1, 1, 1, 383, 1, 111, 4, 39, 8, 497, 12, 791, 16, 47, 20, 374, 24, 36, 28, 505, 32, 270, 36, 113, 40, 38, 44, 135, 48, 387, 52, 361, 
114, 1, 71, 1, 20, 4, 78, 8, 74, 12, 72, 16, 22, 20, 77, 24, 246, 28, 282, 32, 202, 36, 79, 40, 21, 44, 321, 48, 438, 52, 275, 56, 580, 
115, 1, 1, 1, 39, 4, 45, 8, 252, 12, 44, 16, 23, 20, 116, 24, 29, 28, 389, 32, 458, 36, 242, 40, 203, 44, 179, 48, 200, 52, 387, 
116, 1, 55, 1, 43, 5, 108, 10, 239, 15, 116, 20, 225, 25, 61, 30, 97, 35, 673, 40, 406, 45, 56, 50, 349, 55, 240, 
117, 1, 55, 1, 43, 1, 108, 1, 239, 15, 116, 20, 225, 25, 61, 30, 97, 37, 673, 44, 406, 51, 56, 58, 349, 65, 240, 
118, 1, 64, 1, 39, 5, 48, 10, 352, 15, 30, 20, 97, 25, 392, 30, 175, 35, 127, 40, 487, 45, 224, 50, 32, 
119, 1, 64, 1, 39, 1, 48, 1, 352, 15, 30, 20, 97, 25, 392, 30, 175, 37, 127, 44, 487, 51, 224, 58, 32, 
120, 1, 33, 1, 106, 4, 55, 8, 109, 12, 229, 16, 107, 20, 129, 24, 60, 28, 362, 32, 113, 36, 408, 40, 94, 44, 57, 48, 105, 52, 322, 56, 56, 
121, 1, 229, 1, 107, 1, 129, 1, 60, 1, 362, 1, 113, 1, 408, 1, 94, 1, 57, 1, 105, 1, 322, 1, 56, 1, 33, 1, 106, 1, 55, 1, 109, 
122, 1, 501, 1, 469, 1, 384, 1, 385, 1, 1, 1, 383, 1, 226, 1, 227, 12, 93, 16, 272, 20, 182, 24, 278, 28, 60, 32, 102, 36, 113, 36, 115, 36, 219, 40, 389, 44, 605, 48, 94, 52, 298, 
123, 1, 98, 1, 43, 4, 210, 8, 206, 12, 17, 16, 104, 20, 458, 24, 163, 28, 116, 32, 97, 36, 403, 40, 404, 44, 673, 48, 14, 
124, 1, 186, 1, 122, 1, 1, 1, 181, 1, 383, 12, 93, 16, 343, 20, 47, 24, 313, 28, 8, 34, 94, 40, 142, 46, 212, 52, 195, 58, 59, 
125, 1, 98, 1, 43, 1, 84, 1, 268, 12, 129, 16, 351, 20, 86, 24, 103, 28, 9, 34, 435, 40, 67, 46, 85, 52, 113, 58, 87, 64, 416, 
126, 1, 123, 1, 43, 1, 52, 1, 108, 12, 499, 16, 172, 20, 109, 24, 184, 28, 7, 34, 436, 40, 67, 46, 53, 52, 241, 58, 126, 64, 63, 
127, 1, 11, 1, 106, 4, 116, 8, 20, 12, 69, 16, 450, 20, 480, 24, 458, 28, 233, 32, 404, 36, 70, 40, 14, 44, 66, 48, 12, 52, 276, 
128, 1, 33, 1, 39, 5, 526, 10, 371, 15, 372, 20, 30, 25, 184, 30, 428, 35, 36, 40, 156, 45, 207, 50, 37, 55, 38, 60, 416, 
129, 1, 150, 15, 33, 25, 175, 
130, 0, 44, 1, 44, 1, 175, 1, 150, 1, 33, 1, 43, 1, 239, 4, 250, 8, 423, 12, 362, 16, 184, 21, 127, 24, 242, 28, 240, 32, 401, 36, 349, 40, 56, 44, 542, 48, 37, 52, 63, 
131, 1, 45, 1, 55, 5, 47, 10, 54, 15, 791, 20, 420, 25, 109, 30, 352, 35, 362, 40, 34, 45, 58, 50, 240, 55, 56, 60, 195, 65, 329, 
132, 1, 144, 
133, 1, 343, 1, 270, 1, 33, 1, 45, 1, 39, 5, 28, 10, 98, 15, 608, 20, 129, 25, 44, 30, 383, 35, 226, 40, 36, 45, 204, 50, 38, 55, 387, 
134, 0, 55, 1, 55, 1, 343, 1, 129, 1, 44, 1, 383, 1, 226, 1, 36, 1, 204, 1, 38, 1, 270, 1, 33, 1, 45, 1, 39, 5, 28, 10, 98, 15, 608, 20, 114, 25, 352, 30, 62, 35, 392, 40, 330, 45, 151, 50, 56, 55, 387, 
135, 0, 84, 1, 84, 1, 343, 1, 129, 1, 44, 1, 383, 1, 226, 1, 36, 1, 204, 1, 38, 1, 270, 1, 33, 1, 45, 1, 39, 5, 28, 10, 98, 15, 608, 20, 86, 25, 24, 30, 422, 35, 42, 40, 435, 45, 97, 50, 87, 55, 387, 
136, 0, 52, 1, 52, 1, 343, 1, 129, 1, 383, 1, 226, 1, 36, 1, 204, 1, 38, 1, 270, 1, 33, 1, 45, 1, 39, 5, 28, 10, 98, 15, 608, 20, 123, 25, 44, 30, 424, 35, 83, 40, 436, 45, 184, 50, 394, 55, 387, 
137, 1, 33, 1, 160, 5, 278, 10, 393, 15, 84, 20, 60, 25, 176, 30, 97, 35, 105, 40, 435, 45, 161, 50, 277, 55, 199, 60, 192, 
138, 1, 20, 1, 110, 5, 205, 10, 28, 15, 55, 20, 43, 25, 341, 30, 246, 35, 362, 41, 182, 45, 350, 50, 57, 55, 504, 60, 56, 
139, 0, 242, 1, 242, 1, 20, 1, 110, 1, 205, 1, 28, 15, 55, 20, 43, 25, 341, 30, 246, 35, 362, 43, 182, 49, 350, 56, 57, 63, 504, 70, 56, 
140, 1, 71, 1, 106, 5, 10, 10, 28, 15, 453, 20, 43, 25, 341, 30, 246, 35, 362, 41, 182, 45, 141, 50, 710, 55, 319, 60, 444, 
141, 0, 163, 1, 163, 1, 400, 1, 364, 1, 71, 1, 106, 1, 10, 1, 28, 15, 453, 20, 43, 25, 341, 30, 246, 35, 362, 43, 182, 49, 141, 56, 710, 63, 319, 70, 444, 
142, 1, 44, 1, 246, 5, 48, 10, 17, 15, 184, 20, 157, 25, 46, 30, 242, 35, 442, 40, 36, 45, 444, 50, 97, 55, 63, 60, 416, 
143, 1, 278, 1, 343, 1, 254, 1, 256, 1, 103, 1, 374, 1, 118, 1, 175, 1, 387, 1, 122, 1, 33, 1, 111, 1, 335, 12, 281, 16, 44, 20, 156, 20, 173, 20, 214, 24, 242, 28, 34, 32, 484, 36, 133, 40, 667, 44, 359, 48, 187, 52, 562, 56, 416, 
144, 1, 16, 1, 54, 5, 181, 10, 115, 15, 420, 20, 97, 25, 246, 30, 366, 35, 573, 40, 355, 45, 58, 50, 258, 55, 542, 60, 170, 65, 59, 70, 329, 
145, 1, 64, 1, 86, 5, 84, 10, 113, 15, 365, 20, 97, 25, 246, 30, 268, 35, 65, 40, 355, 45, 435, 50, 240, 55, 87, 60, 197, 65, 602, 70, 192, 
146, 1, 16, 1, 43, 5, 52, 10, 219, 15, 17, 20, 97, 25, 246, 30, 510, 35, 403, 40, 355, 45, 257, 50, 241, 55, 542, 60, 203, 65, 682, 70, 143, 
147, 1, 35, 1, 43, 5, 239, 10, 86, 15, 525, 20, 97, 25, 21, 31, 401, 35, 407, 40, 219, 45, 240, 50, 349, 55, 200, 60, 63, 
148, 1, 35, 1, 43, 1, 239, 1, 86, 15, 525, 20, 97, 25, 21, 33, 401, 39, 407, 46, 219, 53, 240, 60, 349, 67, 200, 74, 63, 
149, 0, 542, 1, 542, 1, 17, 1, 355, 1, 245, 1, 7, 1, 9, 1, 35, 1, 43, 1, 239, 1, 86, 15, 525, 20, 97, 25, 21, 33, 401, 39, 407, 46, 219, 53, 240, 62, 349, 41, 200, 80, 63, 
150, 1, 791, 1, 673, 1, 50, 1, 93, 1, 129, 8, 246, 16, 427, 24, 219, 32, 133, 40, 396, 48, 94, 56, 384, 56, 385, 64, 54, 72, 540, 80, 105, 88, 248, 
151, 1, 1, 1, 513, 10, 133, 20, 226, 30, 246, 40, 791, 50, 417, 60, 118, 70, 286, 80, 144, 90, 396, 100, 94, 
152, 1, 33, 1, 45, 6, 75, 9, 77, 12, 235, 17, 115, 20, 345, 23, 267, 28, 230, 31, 113, 34, 34, 39, 219, 42, 312, 45, 76, 
153, 1, 33, 1, 45, 1, 75, 1, 77, 6, 75, 9, 77, 12, 235, 18, 115, 22, 345, 26, 267, 32, 230, 36, 113, 40, 34, 46, 219, 50, 312, 54, 76, 
154, 0, 80, 1, 80, 1, 572, 1, 33, 1, 45, 1, 75, 1, 77, 6, 75, 9, 77, 12, 235, 18, 115, 22, 345, 26, 267, 34, 230, 40, 113, 46, 34, 54, 219, 60, 312, 66, 76, 70, 572, 
155, 1, 33, 1, 43, 6, 108, 10, 52, 13, 98, 19, 172, 22, 111, 28, 488, 31, 129, 37, 436, 40, 53, 46, 517, 49, 205, 55, 38, 58, 682, 64, 284, 
156, 1, 33, 1, 43, 1, 108, 6, 108, 10, 52, 13, 98, 20, 172, 24, 111, 31, 129, 35, 488, 42, 436, 46, 53, 53, 517, 57, 205, 64, 38, 68, 682, 75, 284, 
157, 1, 284, 1, 38, 1, 360, 1, 33, 1, 43, 1, 108, 1, 52, 6, 108, 10, 52, 13, 98, 20, 172, 24, 111, 31, 129, 35, 488, 43, 436, 48, 53, 56, 517, 61, 205, 69, 38, 74, 682, 82, 284, 
158, 1, 10, 1, 43, 6, 55, 8, 189, 13, 44, 15, 184, 20, 423, 22, 175, 27, 242, 29, 67, 34, 163, 36, 103, 41, 37, 43, 401, 48, 276, 50, 56, 
159, 1, 10, 1, 43, 1, 55, 6, 55, 8, 189, 13, 44, 15, 184, 21, 423, 24, 175, 30, 242, 33, 67, 39, 163, 42, 103, 48, 37, 51, 401, 57, 276, 60, 56, 
160, 1, 97, 1, 10, 1, 43, 1, 55, 1, 189, 6, 55, 8, 189, 13, 44, 15, 184, 21, 423, 24, 175, 32, 242, 37, 67, 45, 163, 50, 103, 58, 37, 63, 401, 71, 276, 76, 56, 
161, 1, 10, 1, 45, 4, 111, 7, 98, 13, 154, 16, 270, 19, 266, 25, 21, 28, 156, 31, 389, 36, 133, 39, 226, 42, 179, 47, 304, 
162, 0, 97, 1, 97, 1, 489, 1, 10, 1, 111, 1, 98, 1, 45, 4, 111, 7, 98, 13, 154, 17, 270, 21, 266, 28, 21, 32, 156, 36, 389, 42, 133, 46, 226, 50, 179, 56, 304, 
163, 1, 64, 1, 45, 3, 33, 6, 497, 9, 93, 12, 115, 15, 375, 18, 403, 21, 326, 24, 36, 27, 253, 30, 355, 33, 585, 36, 95, 39, 138, 
164, 1, 143, 1, 64, 1, 45, 1, 33, 1, 497, 9, 93, 12, 115, 15, 375, 18, 403, 23, 326, 28, 36, 33, 253, 38, 355, 43, 585, 48, 95, 53, 138, 
165, 1, 33, 5, 48, 8, 129, 12, 113, 12, 115, 12, 219, 15, 183, 19, 355, 22, 522, 26, 226, 29, 97, 33, 405, 36, 403, 40, 38, 
166, 1, 33, 1, 48, 1, 129, 5, 48, 8, 129, 12, 113, 12, 115, 12, 219, 15, 183, 20, 355, 24, 522, 29, 226, 33, 97, 38, 405, 42, 403, 47, 38, 
167, 1, 40, 1, 81, 5, 71, 8, 611, 12, 184, 15, 101, 19, 425, 22, 154, 26, 389, 29, 141, 33, 97, 36, 42, 40, 94, 43, 398, 47, 440, 50, 564, 54, 672, 
168, 0, 14, 1, 14, 1, 116, 1, 599, 1, 565, 1, 450, 1, 40, 1, 81, 1, 71, 5, 71, 8, 611, 12, 184, 15, 101, 19, 425, 23, 154, 28, 389, 32, 141, 37, 97, 41, 42, 46, 94, 50, 398, 55, 440, 58, 564, 63, 672, 
169, 0, 440, 1, 440, 1, 366, 1, 92, 1, 103, 1, 71, 1, 48, 1, 310, 1, 212, 15, 305, 20, 501, 27, 314, 34, 44, 41, 114, 48, 474, 55, 109, 62, 403, 69, 141, 
170, 1, 55, 1, 48, 4, 486, 8, 86, 12, 61, 16, 109, 20, 209, 24, 268, 28, 435, 32, 392, 36, 175, 40, 36, 44, 56, 
171, 0, 254, 0, 256, 0, 255, 1, 254, 1, 256, 1, 255, 1, 598, 1, 55, 1, 48, 1, 486, 1, 86, 12, 61, 16, 109, 20, 209, 24, 268, 30, 435, 36, 392, 42, 175, 48, 36, 54, 56, 
172, 1, 84, 1, 39, 4, 589, 8, 186, 12, 609, 16, 417, 20, 204, 
173, 1, 150, 1, 1, 1, 383, 4, 47, 8, 186, 12, 574, 16, 227, 20, 204, 
174, 1, 47, 1, 1, 1, 383, 4, 111, 8, 186, 12, 574, 16, 50, 20, 204, 
175, 1, 45, 1, 1, 4, 186, 8, 791, 12, 204, 16, 246, 20, 281, 24, 118, 28, 495, 32, 38, 36, 219, 40, 266, 44, 226, 48, 387, 52, 273, 
176, 0, 584, 1, 584, 1, 45, 1, 1, 1, 186, 1, 791, 12, 204, 16, 246, 20, 281, 24, 118, 28, 495, 32, 38, 36, 219, 40, 266, 44, 226, 48, 387, 52, 273, 
177, 1, 64, 1, 43, 5, 500, 10, 100, 15, 109, 20, 101, 26, 375, 30, 384, 35, 385, 35, 94, 40, 273, 45, 248, 
178, 0, 403, 1, 403, 1, 366, 1, 64, 1, 43, 1, 500, 1, 100, 15, 109, 20, 101, 28, 375, 34, 384, 34, 385, 41, 94, 48, 273, 55, 248, 
179, 1, 33, 1, 45, 4, 86, 8, 84, 11, 178, 15, 268, 18, 36, 22, 486, 25, 109, 29, 408, 32, 435, 36, 538, 39, 451, 43, 113, 46, 87, 
180, 1, 33, 1, 45, 1, 86, 1, 84, 4, 86, 8, 84, 11, 178, 16, 268, 20, 36, 25, 486, 29, 109, 34, 408, 38, 435, 43, 538, 47, 451, 52, 113, 56, 87, 
181, 0, 9, 1, 9, 1, 192, 1, 602, 1, 406, 1, 7, 1, 33, 1, 45, 1, 86, 1, 84, 4, 86, 8, 84, 11, 178, 16, 268, 20, 36, 25, 486, 29, 109, 35, 408, 40, 435, 46, 538, 51, 451, 57, 113, 62, 87, 65, 406, 
182, 0, 572, 1, 572, 1, 483, 1, 72, 1, 77, 1, 78, 1, 79, 1, 202, 1, 92, 1, 585, 1, 580, 1, 236, 1, 80, 1, 71, 1, 74, 1, 51, 1, 230, 
183, 1, 205, 1, 111, 1, 33, 1, 55, 1, 39, 1, 270, 1, 150, 6, 61, 9, 204, 12, 21, 15, 340, 19, 401, 21, 583, 24, 392, 27, 240, 30, 56, 33, 38, 36, 276, 
184, 1, 205, 1, 111, 1, 33, 1, 55, 1, 39, 1, 270, 1, 150, 6, 61, 9, 204, 12, 21, 15, 340, 21, 401, 25, 583, 30, 392, 35, 240, 40, 56, 45, 38, 50, 276, 
185, 0, 21, 1, 21, 1, 444, 1, 359, 1, 452, 1, 313, 1, 383, 1, 175, 1, 88, 12, 335, 16, 102, 20, 317, 24, 715, 28, 389, 32, 157, 36, 67, 40, 68, 44, 38, 48, 457, 
186, 0, 340, 1, 340, 1, 207, 1, 304, 1, 195, 1, 61, 1, 240, 1, 34, 1, 414, 1, 56, 1, 187, 1, 38, 1, 55, 1, 95, 1, 1, 1, 341, 
187, 1, 150, 1, 71, 4, 235, 6, 39, 8, 33, 10, 584, 12, 77, 14, 78, 16, 79, 19, 331, 22, 73, 25, 72, 28, 512, 31, 476, 34, 178, 37, 369, 40, 388, 43, 202, 46, 340, 49, 262, 
188, 1, 150, 1, 71, 1, 235, 1, 39, 4, 235, 6, 39, 8, 33, 10, 584, 12, 77, 14, 78, 16, 79, 20, 331, 24, 73, 28, 72, 32, 512, 36, 476, 40, 178, 44, 369, 48, 388, 52, 202, 56, 340, 60, 262, 
189, 1, 150, 1, 71, 1, 235, 1, 39, 4, 235, 6, 39, 8, 33, 10, 584, 12, 77, 14, 78, 16, 79, 20, 331, 24, 73, 29, 72, 34, 512, 39, 476, 44, 178, 49, 369, 54, 388, 59, 202, 64, 340, 69, 262, 
190, 1, 10, 1, 39, 4, 28, 8, 310, 11, 226, 15, 321, 18, 154, 22, 129, 25, 103, 29, 97, 32, 458, 36, 374, 39, 417, 43, 387, 
191, 1, 33, 1, 74, 4, 275, 7, 71, 10, 72, 13, 73, 16, 75, 19, 388, 22, 202, 25, 283, 28, 235, 34, 76, 37, 38, 40, 241, 43, 402, 
192, 1, 579, 1, 1, 1, 74, 1, 283, 1, 235, 1, 402, 1, 33, 4, 275, 7, 71, 10, 72, 13, 73, 16, 75, 19, 388, 22, 202, 25, 331, 28, 80, 34, 76, 37, 38, 40, 241, 43, 437, 50, 572, 
193, 1, 33, 1, 16, 6, 98, 11, 104, 14, 332, 17, 197, 22, 48, 27, 253, 30, 81, 33, 246, 38, 95, 43, 17, 46, 103, 49, 369, 54, 403, 57, 405, 
194, 1, 55, 1, 39, 4, 240, 8, 341, 12, 54, 12, 114, 16, 21, 21, 281, 24, 401, 28, 330, 32, 133, 36, 92, 40, 89, 
195, 1, 55, 1, 39, 1, 240, 1, 341, 12, 54, 12, 114, 16, 21, 23, 281, 28, 401, 34, 330, 40, 133, 46, 92, 52, 89, 
196, 0, 93, 1, 93, 1, 343, 1, 44, 1, 383, 1, 226, 1, 36, 1, 204, 1, 38, 1, 270, 1, 33, 1, 45, 1, 39, 5, 28, 10, 98, 15, 608, 20, 129, 25, 60, 30, 234, 35, 384, 40, 94, 45, 244, 50, 248, 55, 387, 
197, 0, 555, 1, 492, 1, 555, 1, 343, 1, 129, 1, 44, 1, 383, 1, 226, 1, 36, 1, 204, 1, 38, 1, 270, 1, 33, 1, 45, 1, 39, 5, 28, 10, 98, 15, 608, 20, 109, 25, 372, 30, 236, 35, 385, 40, 399, 45, 103, 50, 212, 55, 387, 
198, 1, 64, 1, 310, 5, 16, 11, 114, 15, 17, 21, 101, 25, 372, 31, 269, 35, 314, 41, 212, 45, 492, 50, 366, 55, 389, 61, 259, 65, 511, 
199, 1, 408, 1, 417, 1, 207, 1, 33, 1, 174, 1, 45, 1, 55, 9, 281, 12, 93, 15, 50, 18, 352, 21, 29, 24, 428, 27, 133, 30, 57, 33, 303, 36, 94, 39, 244, 42, 240, 45, 505, 
200, 1, 45, 1, 93, 5, 180, 10, 310, 14, 109, 19, 212, 23, 506, 28, 60, 32, 220, 37, 371, 41, 247, 46, 195, 50, 288, 55, 408, 
201, 1, 237, 
202, 0, 68, 0, 243, 0, 219, 0, 194, 1, 150, 1, 204, 1, 227, 1, 133, 1, 68, 1, 243, 1, 219, 1, 194, 
203, 1, 384, 1, 385, 1, 310, 1, 33, 1, 45, 5, 93, 10, 372, 14, 23, 19, 60, 23, 97, 28, 458, 32, 428, 37, 242, 41, 226, 46, 417, 50, 94, 
204, 1, 33, 1, 182, 6, 120, 9, 450, 12, 36, 17, 229, 20, 475, 23, 205, 28, 191, 31, 371, 34, 153, 39, 334, 42, 360, 45, 38, 
205, 0, 475, 1, 475, 1, 484, 1, 192, 1, 393, 1, 390, 1, 33, 1, 182, 1, 120, 1, 450, 6, 120, 9, 450, 12, 36, 17, 229, 20, 115, 23, 205, 28, 191, 32, 371, 36, 153, 42, 334, 46, 360, 50, 38, 56, 393, 60, 192, 64, 484, 
206, 1, 175, 1, 111, 4, 189, 8, 205, 12, 137, 16, 103, 20, 246, 24, 529, 28, 281, 32, 34, 36, 36, 40, 355, 44, 407, 48, 489, 52, 38, 56, 283, 
207, 1, 40, 4, 28, 7, 106, 10, 282, 13, 98, 16, 210, 19, 189, 22, 512, 27, 163, 30, 369, 35, 103, 40, 404, 45, 89, 50, 14, 55, 12, 
208, 1, 242, 1, 422, 1, 423, 1, 424, 1, 397, 1, 33, 1, 106, 1, 20, 1, 88, 4, 479, 8, 475, 12, 225, 16, 174, 20, 157, 24, 103, 28, 328, 32, 446, 36, 21, 40, 201, 44, 91, 48, 231, 52, 444, 56, 38, 60, 393, 
209, 1, 423, 1, 424, 1, 422, 1, 33, 1, 184, 1, 39, 1, 204, 7, 44, 13, 122, 19, 29, 25, 46, 31, 269, 37, 583, 43, 371, 49, 242, 
210, 1, 200, 1, 423, 1, 424, 1, 422, 1, 33, 1, 184, 1, 39, 1, 204, 7, 44, 13, 122, 19, 29, 27, 46, 35, 269, 43, 583, 51, 371, 59, 242, 67, 200, 
211, 1, 40, 1, 33, 4, 106, 8, 55, 12, 565, 16, 107, 20, 191, 24, 362, 28, 279, 32, 42, 36, 390, 40, 398, 44, 254, 44, 255, 48, 36, 52, 92, 56, 401, 60, 367, 66, 194, 
212, 0, 418, 1, 418, 1, 17, 1, 97, 1, 403, 1, 98, 1, 43, 1, 210, 1, 206, 12, 232, 16, 104, 20, 458, 24, 163, 28, 116, 32, 334, 36, 442, 40, 404, 44, 673, 48, 14, 
213, 1, 110, 1, 35, 5, 205, 10, 522, 15, 88, 20, 219, 25, 156, 30, 450, 35, 471, 35, 470, 40, 157, 45, 380, 50, 564, 55, 379, 60, 444, 65, 504, 
214, 1, 33, 1, 43, 5, 31, 10, 203, 15, 332, 20, 30, 25, 68, 30, 280, 35, 42, 40, 675, 45, 37, 50, 14, 55, 224, 60, 370, 
215, 1, 10, 1, 43, 6, 269, 12, 98, 18, 232, 24, 196, 30, 154, 36, 468, 42, 251, 48, 97, 54, 103, 60, 163, 
216, 1, 374, 1, 343, 1, 10, 1, 608, 1, 122, 1, 313, 8, 154, 15, 371, 22, 230, 25, 589, 29, 163, 36, 204, 43, 156, 43, 173, 50, 37, 57, 374, 
217, 1, 359, 1, 343, 1, 10, 1, 43, 1, 122, 1, 313, 1, 374, 1, 608, 1, 204, 8, 154, 15, 371, 22, 230, 25, 589, 29, 163, 38, 184, 47, 156, 49, 173, 58, 37, 67, 359, 
218, 1, 281, 1, 123, 6, 52, 8, 88, 13, 106, 15, 510, 20, 499, 22, 246, 29, 157, 34, 436, 36, 133, 41, 34, 43, 105, 48, 53, 50, 414, 
219, 0, 504, 1, 504, 1, 414, 1, 281, 1, 123, 1, 52, 1, 88, 6, 52, 8, 88, 13, 106, 15, 510, 20, 499, 22, 246, 29, 157, 34, 436, 36, 133, 43, 34, 47, 105, 54, 53, 58, 414, 
220, 1, 33, 1, 189, 5, 181, 10, 175, 15, 420, 20, 54, 25, 203, 30, 196, 35, 133, 40, 36, 45, 89, 50, 59, 
221, 0, 423, 1, 423, 1, 246, 1, 33, 1, 189, 1, 181, 1, 175, 15, 420, 20, 54, 25, 203, 30, 196, 37, 133, 44, 36, 51, 89, 58, 59, 65, 37, 
222, 1, 33, 1, 106, 5, 55, 10, 392, 15, 203, 20, 246, 25, 61, 30, 175, 35, 791, 40, 408, 45, 414, 50, 105, 55, 243, 
223, 1, 55, 1, 270, 4, 352, 8, 116, 12, 60, 16, 62, 20, 61, 24, 199, 28, 331, 32, 58, 36, 56, 40, 487, 44, 63, 
224, 0, 190, 1, 190, 1, 441, 1, 350, 1, 270, 1, 55, 1, 35, 1, 352, 1, 116, 12, 60, 16, 62, 20, 61, 24, 199, 30, 331, 36, 58, 42, 56, 48, 487, 54, 63, 
225, 1, 217, 25, 65, 
226, 1, 60, 1, 331, 1, 355, 1, 33, 1, 55, 1, 48, 1, 17, 12, 352, 16, 469, 20, 97, 24, 61, 28, 29, 32, 403, 36, 392, 40, 340, 44, 36, 48, 56, 
227, 1, 64, 1, 43, 4, 28, 8, 31, 12, 232, 16, 97, 20, 17, 24, 163, 28, 211, 32, 475, 36, 65, 40, 319, 44, 191, 48, 334, 52, 413, 
228, 1, 43, 1, 52, 4, 336, 8, 123, 13, 46, 16, 44, 20, 269, 25, 251, 28, 424, 32, 371, 37, 488, 40, 492, 44, 53, 49, 242, 52, 417, 56, 517, 
229, 1, 517, 1, 417, 1, 422, 1, 43, 1, 52, 4, 336, 8, 123, 13, 46, 16, 44, 20, 269, 26, 251, 30, 424, 35, 371, 41, 488, 45, 492, 50, 53, 56, 242, 60, 417, 65, 517, 
230, 1, 250, 1, 281, 1, 55, 1, 43, 1, 108, 1, 239, 15, 116, 20, 225, 25, 61, 30, 97, 37, 673, 44, 406, 51, 56, 58, 349, 65, 240, 
231, 1, 33, 1, 45, 1, 111, 6, 175, 10, 205, 15, 523, 19, 203, 24, 21, 28, 36, 33, 204, 37, 387, 42, 38, 
232, 0, 31, 1, 31, 1, 424, 1, 422, 1, 30, 1, 523, 1, 45, 1, 111, 1, 33, 1, 175, 1, 203, 1, 36, 1, 204, 1, 387, 1, 38, 6, 229, 10, 205, 15, 372, 19, 282, 24, 21, 30, 317, 37, 184, 43, 89, 50, 416, 
233, 1, 111, 1, 33, 1, 160, 1, 278, 1, 393, 15, 84, 20, 60, 25, 176, 30, 97, 35, 105, 40, 435, 45, 161, 50, 277, 55, 199, 60, 192, 65, 63, 
234, 1, 33, 3, 43, 7, 310, 10, 95, 13, 23, 16, 28, 21, 36, 23, 109, 27, 347, 33, 272, 38, 428, 43, 679, 49, 286, 50, 494, 55, 38, 
235, 1, 166, 11, 166, 21, 166, 31, 166, 41, 166, 51, 166, 61, 166, 71, 166, 81, 166, 91, 166, 
236, 1, 33, 1, 270, 1, 252, 1, 116, 
237, 0, 167, 1, 167, 1, 364, 1, 229, 1, 33, 1, 270, 1, 252, 1, 116, 4, 98, 8, 360, 12, 197, 16, 279, 21, 469, 21, 501, 24, 389, 28, 97, 32, 91, 36, 370, 40, 68, 44, 283, 
238, 1, 122, 1, 1, 4, 181, 8, 383, 12, 93, 16, 343, 20, 47, 24, 313, 28, 8, 32, 94, 36, 186, 40, 212, 44, 195, 48, 59, 
239, 1, 98, 1, 43, 4, 84, 8, 268, 12, 129, 16, 351, 20, 86, 24, 103, 28, 9, 32, 435, 36, 67, 40, 85, 44, 113, 48, 87, 
240, 1, 123, 1, 43, 4, 52, 8, 108, 12, 499, 16, 172, 20, 109, 24, 184, 28, 7, 32, 436, 36, 67, 40, 53, 44, 241, 48, 126, 
241, 1, 33, 1, 45, 5, 205, 10, 111, 15, 23, 20, 215, 25, 29, 30, 428, 35, 208, 40, 34, 45, 583, 50, 204, 55, 667, 
242, 1, 186, 1, 574, 1, 343, 1, 204, 1, 107, 1, 1, 1, 383, 1, 111, 4, 39, 8, 497, 12, 791, 16, 47, 20, 374, 24, 36, 28, 505, 32, 270, 36, 113, 40, 38, 44, 135, 48, 387, 52, 361, 
243, 1, 245, 1, 84, 1, 43, 1, 268, 1, 98, 6, 209, 12, 44, 18, 347, 24, 46, 30, 422, 36, 336, 42, 242, 48, 326, 54, 435, 60, 115, 66, 240, 72, 87, 78, 192, 
244, 1, 221, 1, 245, 1, 52, 1, 43, 1, 23, 1, 108, 6, 172, 12, 44, 18, 347, 24, 46, 30, 424, 36, 184, 42, 242, 48, 326, 54, 436, 60, 207, 66, 241, 72, 126, 78, 284, 
245, 1, 329, 1, 245, 1, 55, 1, 43, 1, 16, 1, 54, 6, 352, 12, 44, 18, 347, 24, 46, 30, 423, 36, 366, 42, 242, 48, 326, 54, 57, 60, 243, 66, 240, 72, 56, 78, 59, 
246, 1, 33, 1, 43, 3, 88, 6, 371, 9, 44, 12, 184, 15, 157, 18, 707, 21, 103, 24, 399, 27, 242, 31, 89, 33, 444, 36, 37, 39, 201, 42, 63, 
247, 0, 334, 1, 334, 1, 33, 1, 43, 1, 88, 1, 371, 9, 44, 12, 184, 15, 157, 18, 707, 21, 103, 24, 399, 27, 242, 33, 89, 37, 444, 42, 37, 47, 201, 52, 63, 
248, 1, 334, 1, 422, 1, 423, 1, 424, 1, 33, 1, 43, 1, 88, 1, 371, 9, 44, 12, 184, 15, 157, 18, 707, 21, 103, 24, 399, 27, 242, 33, 89, 37, 444, 42, 37, 47, 201, 52, 63, 59, 416, 
249, 1, 407, 1, 16, 1, 18, 1, 311, 1, 246, 9, 54, 18, 219, 27, 347, 36, 326, 45, 105, 54, 177, 63, 240, 72, 56, 81, 248, 90, 143, 
250, 1, 16, 1, 18, 1, 311, 1, 246, 9, 791, 18, 219, 27, 347, 36, 326, 45, 105, 54, 221, 63, 241, 72, 126, 81, 248, 90, 143, 99, 682, 
251, 1, 93, 1, 215, 10, 345, 20, 226, 30, 246, 40, 791, 50, 73, 60, 105, 70, 248, 80, 361, 90, 437, 100, 195, 
252, 1, 1, 1, 43, 3, 670, 6, 98, 9, 72, 12, 197, 15, 501, 18, 372, 21, 202, 24, 21, 27, 104, 30, 412, 33, 103, 36, 283, 39, 437, 
253, 1, 210, 1, 206, 1, 404, 1, 412, 1, 1, 1, 43, 1, 670, 1, 98, 9, 72, 12, 197, 15, 501, 20, 372, 25, 202, 30, 21, 35, 104, 40, 348, 45, 103, 50, 283, 55, 437, 
254, 0, 530, 1, 530, 1, 210, 1, 206, 1, 404, 1, 412, 1, 1, 1, 43, 1, 670, 1, 98, 5, 72, 12, 197, 15, 501, 20, 372, 25, 202, 30, 21, 35, 104, 42, 348, 49, 103, 56, 283, 63, 437, 
255, 1, 10, 1, 45, 3, 52, 6, 98, 9, 488, 12, 197, 15, 28, 18, 332, 21, 163, 24, 340, 27, 116, 30, 53, 33, 297, 36, 179, 39, 394, 
256, 0, 24, 1, 24, 1, 53, 1, 297, 1, 10, 1, 45, 1, 52, 1, 98, 9, 488, 12, 197, 15, 28, 20, 332, 25, 163, 30, 340, 35, 116, 40, 299, 45, 339, 50, 179, 55, 394, 
257, 1, 370, 1, 24, 1, 7, 1, 413, 1, 53, 1, 297, 1, 10, 1, 45, 1, 52, 1, 98, 9, 488, 12, 197, 15, 28, 20, 332, 25, 163, 30, 340, 35, 116, 42, 299, 49, 339, 56, 179, 63, 394, 
258, 1, 33, 1, 45, 3, 55, 6, 249, 9, 88, 12, 182, 15, 48, 18, 352, 21, 157, 24, 36, 27, 133, 30, 57, 33, 103, 36, 283, 39, 56, 
259, 0, 341, 1, 341, 1, 89, 1, 57, 1, 33, 1, 45, 1, 55, 1, 249, 9, 88, 12, 182, 15, 48, 20, 352, 25, 157, 30, 36, 35, 133, 40, 330, 45, 103, 50, 283, 55, 56, 
260, 1, 341, 1, 359, 1, 89, 1, 57, 1, 33, 1, 45, 1, 55, 1, 249, 9, 88, 12, 182, 15, 48, 20, 352, 25, 157, 30, 36, 35, 133, 42, 330, 49, 103, 56, 283, 63, 56, 
261, 1, 33, 4, 336, 7, 28, 10, 44, 13, 189, 16, 46, 19, 207, 22, 372, 25, 184, 28, 29, 31, 269, 34, 242, 37, 281, 40, 36, 43, 389, 46, 583, 
262, 0, 555, 1, 555, 1, 424, 1, 422, 1, 423, 1, 242, 1, 168, 1, 33, 1, 336, 1, 28, 1, 44, 4, 336, 7, 28, 10, 44, 13, 189, 16, 46, 20, 207, 24, 372, 28, 184, 32, 29, 36, 269, 40, 242, 44, 281, 48, 36, 52, 389, 56, 583, 
263, 1, 33, 1, 45, 3, 28, 6, 39, 9, 343, 12, 29, 15, 608, 18, 42, 21, 156, 24, 36, 27, 374, 30, 175, 33, 187, 36, 38, 
264, 0, 163, 1, 163, 1, 415, 1, 42, 1, 608, 1, 33, 1, 45, 1, 28, 1, 39, 9, 343, 12, 29, 15, 468, 18, 154, 23, 156, 28, 36, 33, 374, 38, 175, 43, 187, 48, 38, 
265, 1, 33, 1, 81, 5, 40, 15, 450, 
266, 0, 106, 1, 106, 
267, 0, 16, 1, 16, 1, 33, 1, 81, 1, 106, 1, 40, 1, 450, 12, 71, 15, 78, 17, 234, 20, 314, 22, 72, 25, 141, 27, 213, 30, 18, 32, 202, 35, 405, 37, 182, 40, 483, 
268, 0, 106, 1, 106, 
269, 0, 16, 1, 16, 1, 33, 1, 81, 1, 106, 1, 40, 1, 450, 12, 93, 15, 77, 17, 236, 20, 474, 22, 60, 25, 141, 27, 113, 30, 18, 32, 92, 35, 405, 37, 182, 40, 483, 
270, 1, 310, 1, 45, 3, 71, 6, 55, 9, 54, 12, 72, 16, 175, 20, 61, 24, 267, 28, 202, 33, 240, 38, 428, 43, 412, 
271, 1, 298, 1, 252, 1, 282, 1, 175, 1, 310, 1, 45, 1, 71, 1, 55, 9, 54, 12, 72, 18, 154, 24, 61, 30, 267, 36, 202, 43, 240, 50, 428, 57, 412, 64, 56, 
272, 1, 298, 1, 252, 1, 282, 1, 175, 1, 54, 1, 72, 1, 154, 1, 61, 1, 267, 1, 202, 1, 240, 1, 428, 1, 412, 1, 56, 1, 310, 1, 45, 1, 71, 1, 55, 
273, 1, 33, 1, 106, 3, 71, 6, 310, 9, 74, 12, 205, 15, 72, 18, 371, 21, 267, 24, 241, 27, 235, 30, 389, 33, 153, 
274, 0, 75, 1, 75, 1, 314, 1, 259, 1, 252, 1, 207, 1, 235, 1, 153, 1, 33, 1, 106, 1, 71, 1, 310, 9, 74, 12, 205, 18, 72, 24, 371, 30, 267, 36, 241, 43, 326, 50, 389, 57, 348, 
275, 0, 536, 1, 536, 1, 75, 1, 314, 1, 259, 1, 252, 1, 207, 1, 18, 1, 542, 1, 235, 1, 153, 1, 74, 1, 205, 1, 72, 1, 371, 1, 267, 1, 241, 1, 326, 1, 389, 1, 348, 1, 33, 1, 106, 1, 71, 1, 310, 
276, 1, 64, 1, 45, 5, 116, 9, 98, 13, 17, 17, 104, 21, 332, 25, 501, 29, 97, 33, 403, 37, 283, 41, 413, 45, 179, 
277, 1, 413, 1, 403, 1, 365, 1, 64, 1, 45, 1, 116, 1, 98, 5, 116, 9, 98, 13, 17, 17, 104, 21, 332, 27, 501, 33, 97, 39, 403, 45, 283, 51, 413, 57, 179, 
278, 1, 45, 1, 55, 5, 98, 10, 48, 15, 17, 20, 352, 26, 97, 30, 403, 35, 54, 40, 355, 45, 542, 
279, 1, 182, 1, 487, 1, 98, 1, 97, 1, 403, 1, 45, 1, 55, 1, 366, 1, 48, 15, 17, 20, 352, 28, 254, 28, 256, 28, 255, 34, 374, 41, 54, 48, 355, 55, 542, 62, 56, 
280, 1, 45, 1, 574, 3, 104, 6, 93, 9, 95, 12, 577, 15, 100, 18, 60, 21, 791, 24, 204, 27, 347, 30, 94, 33, 505, 36, 138, 39, 248, 
281, 1, 45, 1, 574, 1, 104, 1, 93, 9, 95, 12, 577, 15, 100, 18, 60, 23, 791, 28, 204, 33, 347, 38, 94, 43, 505, 48, 138, 53, 248, 
282, 0, 605, 1, 605, 1, 585, 1, 581, 1, 361, 1, 204, 1, 45, 1, 574, 1, 104, 1, 93, 9, 95, 12, 577, 15, 100, 18, 60, 23, 791, 28, 273, 35, 347, 42, 94, 49, 505, 56, 138, 63, 248, 
283, 1, 55, 6, 98, 9, 230, 14, 487, 17, 61, 22, 97, 25, 54, 25, 114, 30, 453, 35, 226, 38, 564, 
284, 1, 483, 1, 18, 1, 405, 1, 98, 1, 230, 1, 55, 1, 61, 1, 97, 1, 54, 1, 114, 1, 453, 1, 226, 1, 564, 6, 98, 9, 230, 14, 487, 17, 16, 22, 184, 22, 314, 26, 78, 32, 48, 38, 403, 42, 405, 48, 18, 52, 483, 
285, 1, 71, 1, 33, 5, 78, 8, 73, 12, 72, 15, 29, 19, 77, 22, 388, 26, 202, 29, 74, 33, 92, 36, 402, 40, 147, 
286, 0, 183, 1, 183, 1, 71, 1, 33, 1, 78, 1, 73, 1, 77, 1, 388, 1, 202, 1, 74, 1, 92, 1, 147, 5, 78, 8, 73, 12, 72, 15, 29, 19, 364, 22, 68, 28, 395, 33, 170, 39, 409, 44, 402, 50, 223, 
287, 1, 10, 1, 281, 6, 227, 9, 303, 14, 156, 17, 133, 22, 343, 25, 29, 30, 68, 33, 175, 38, 583, 
288, 1, 179, 1, 10, 1, 116, 1, 227, 1, 253, 1, 281, 1, 303, 1, 156, 1, 133, 1, 343, 1, 175, 1, 583, 6, 227, 9, 253, 14, 154, 17, 203, 23, 163, 27, 29, 33, 68, 37, 264, 43, 179, 
289, 0, 207, 1, 207, 1, 359, 1, 374, 1, 10, 1, 281, 1, 227, 1, 303, 1, 116, 1, 253, 1, 583, 1, 154, 1, 203, 1, 163, 1, 264, 1, 179, 6, 227, 9, 303, 14, 156, 17, 133, 23, 343, 27, 29, 33, 68, 39, 175, 47, 374, 53, 389, 61, 359, 
290, 1, 28, 1, 10, 5, 106, 10, 206, 15, 189, 21, 71, 25, 232, 30, 154, 35, 170, 40, 91, 
291, 0, 104, 0, 103, 0, 210, 1, 104, 1, 103, 1, 210, 1, 226, 1, 332, 1, 189, 1, 232, 1, 91, 1, 28, 1, 10, 1, 106, 1, 206, 15, 97, 23, 71, 29, 450, 36, 154, 43, 170, 50, 163, 57, 14, 64, 404, 
292, 1, 421, 1, 288, 1, 189, 1, 232, 1, 91, 1, 10, 1, 28, 1, 106, 1, 206, 15, 109, 23, 71, 29, 425, 36, 154, 43, 170, 50, 247, 57, 180, 64, 566, 
293, 1, 310, 1, 1, 5, 497, 10, 336, 15, 156, 15, 214, 21, 23, 25, 46, 30, 48, 35, 253, 40, 103, 45, 304, 
294, 0, 44, 1, 44, 1, 310, 1, 1, 1, 497, 1, 336, 15, 156, 15, 214, 23, 23, 29, 46, 36, 48, 43, 253, 50, 103, 57, 304, 
295, 0, 242, 1, 242, 1, 44, 1, 423, 1, 424, 1, 422, 1, 310, 1, 1, 1, 497, 1, 336, 15, 156, 15, 214, 23, 23, 29, 46, 36, 48, 45, 253, 54, 103, 63, 304, 72, 586, 81, 63, 
296, 1, 33, 1, 116, 4, 28, 7, 292, 10, 252, 13, 395, 16, 18, 19, 282, 22, 233, 25, 187, 28, 197, 31, 69, 34, 264, 37, 203, 40, 370, 43, 179, 46, 484, 
297, 1, 362, 1, 33, 1, 116, 1, 28, 1, 292, 4, 28, 7, 292, 10, 252, 13, 395, 16, 18, 19, 282, 22, 233, 26, 187, 30, 197, 34, 69, 38, 264, 42, 203, 46, 370, 50, 179, 54, 484, 
298, 1, 150, 1, 55, 1, 39, 3, 270, 6, 61, 9, 204, 12, 21, 15, 340, 
299, 1, 33, 4, 106, 7, 335, 10, 88, 13, 86, 16, 156, 19, 209, 22, 157, 25, 408, 28, 350, 31, 435, 34, 201, 37, 414, 40, 444, 43, 199, 43, 192, 
300, 1, 252, 1, 45, 1, 39, 4, 33, 7, 47, 10, 213, 13, 574, 16, 154, 19, 383, 22, 371, 25, 204, 31, 263, 34, 343, 37, 215, 40, 38, 43, 608, 46, 583, 
301, 1, 252, 1, 47, 1, 213, 1, 45, 1, 39, 1, 33, 1, 574, 1, 154, 1, 383, 1, 371, 1, 204, 1, 263, 1, 343, 1, 215, 1, 38, 1, 608, 1, 583, 
302, 1, 43, 1, 10, 3, 310, 6, 109, 9, 425, 12, 252, 15, 50, 18, 197, 21, 101, 24, 154, 27, 282, 30, 511, 33, 421, 36, 212, 39, 408, 42, 428, 45, 247, 48, 492, 
303, 1, 310, 1, 45, 4, 584, 8, 226, 12, 44, 16, 254, 16, 256, 16, 255, 20, 389, 24, 334, 28, 242, 32, 230, 36, 442, 40, 269, 44, 313, 48, 583, 
304, 1, 33, 1, 106, 4, 232, 8, 317, 12, 46, 16, 29, 20, 182, 24, 157, 28, 442, 33, 319, 36, 36, 40, 475, 44, 231, 48, 334, 52, 484, 56, 38, 60, 368, 
305, 1, 33, 1, 106, 1, 232, 1, 317, 12, 46, 16, 29, 20, 182, 24, 157, 28, 442, 35, 319, 40, 36, 46, 475, 52, 231, 58, 334, 64, 484, 70, 38, 76, 368, 
306, 1, 33, 1, 106, 1, 232, 1, 317, 12, 46, 16, 29, 20, 182, 24, 157, 28, 442, 35, 319, 40, 36, 48, 475, 56, 231, 64, 334, 72, 484, 80, 38, 88, 368, 
307, 1, 1, 4, 67, 7, 93, 9, 197, 12, 203, 15, 364, 17, 395, 20, 60, 23, 347, 25, 170, 28, 136, 31, 244, 33, 367, 36, 379, 39, 179, 41, 105, 44, 68, 
308, 1, 428, 1, 7, 1, 9, 1, 8, 1, 1, 1, 93, 1, 197, 4, 67, 7, 93, 9, 197, 12, 203, 15, 364, 17, 395, 20, 60, 23, 347, 25, 170, 28, 136, 31, 244, 33, 367, 36, 379, 42, 179, 47, 105, 53, 68, 
309, 1, 33, 1, 86, 4, 43, 8, 336, 12, 98, 16, 351, 20, 44, 24, 422, 28, 46, 32, 435, 36, 268, 40, 528, 44, 87, 
310, 1, 424, 1, 33, 1, 86, 1, 43, 1, 336, 12, 98, 16, 351, 20, 44, 24, 422, 30, 46, 36, 435, 42, 268, 48, 528, 54, 87, 60, 604, 
311, 1, 609, 1, 589, 1, 45, 1, 86, 1, 98, 4, 270, 7, 209, 10, 227, 13, 285, 16, 129, 19, 486, 22, 383, 25, 204, 28, 268, 31, 435, 34, 226, 37, 97, 40, 387, 43, 87, 46, 417, 49, 494, 
312, 1, 609, 1, 589, 1, 45, 1, 86, 1, 98, 4, 270, 7, 209, 10, 227, 13, 415, 16, 129, 19, 486, 22, 383, 25, 313, 28, 268, 31, 435, 34, 226, 37, 97, 40, 387, 43, 87, 46, 417, 49, 494, 
313, 1, 589, 1, 33, 5, 104, 8, 109, 12, 98, 15, 522, 19, 236, 22, 294, 26, 227, 29, 182, 33, 428, 36, 270, 40, 405, 43, 583, 47, 38, 50, 611, 
314, 1, 589, 1, 33, 5, 230, 9, 204, 12, 98, 15, 522, 19, 236, 22, 273, 26, 227, 29, 260, 33, 428, 36, 270, 40, 405, 43, 583, 47, 343, 50, 611, 
315, 0, 40, 1, 40, 1, 71, 1, 74, 1, 78, 1, 388, 5, 72, 10, 73, 15, 345, 20, 390, 25, 230, 30, 202, 35, 235, 40, 92, 45, 572, 50, 312, 55, 275, 60, 80, 
316, 1, 1, 5, 281, 8, 139, 10, 124, 12, 133, 17, 491, 20, 227, 25, 92, 28, 254, 28, 255, 28, 256, 33, 188, 36, 380, 41, 562, 44, 220, 49, 441, 
317, 0, 34, 1, 34, 1, 599, 1, 441, 1, 1, 1, 281, 1, 139, 1, 124, 5, 281, 8, 139, 10, 124, 12, 133, 17, 491, 20, 227, 25, 92, 30, 254, 30, 255, 30, 256, 37, 188, 42, 380, 49, 562, 54, 220, 61, 441, 
318, 1, 453, 1, 43, 4, 305, 8, 116, 12, 184, 16, 44, 20, 423, 24, 103, 28, 207, 32, 242, 36, 97, 40, 710, 44, 36, 
319, 0, 163, 1, 163, 1, 400, 1, 453, 1, 43, 1, 305, 1, 116, 12, 184, 16, 44, 20, 423, 24, 103, 28, 207, 34, 242, 40, 97, 46, 710, 52, 36, 
320, 1, 150, 3, 45, 6, 310, 12, 55, 15, 54, 18, 352, 21, 484, 24, 362, 27, 250, 30, 291, 33, 340, 36, 34, 39, 156, 42, 133, 45, 56, 48, 323, 
321, 1, 487, 1, 568, 1, 150, 1, 45, 1, 310, 1, 55, 15, 54, 18, 352, 21, 484, 24, 362, 27, 250, 30, 291, 33, 340, 36, 34, 39, 156, 44, 133, 49, 56, 54, 323, 
322, 1, 45, 1, 33, 5, 52, 8, 116, 12, 523, 15, 172, 19, 133, 22, 436, 26, 414, 29, 174, 31, 36, 36, 281, 40, 89, 43, 53, 47, 38, 
323, 0, 157, 1, 157, 1, 90, 1, 284, 1, 45, 1, 33, 1, 52, 1, 116, 1, 53, 1, 38, 8, 52, 8, 116, 12, 523, 15, 172, 19, 133, 22, 436, 26, 414, 29, 174, 31, 36, 39, 281, 46, 89, 52, 284, 59, 90, 
324, 1, 123, 1, 52, 4, 110, 8, 229, 12, 108, 16, 499, 20, 172, 24, 182, 28, 436, 32, 34, 36, 334, 40, 53, 44, 174, 48, 257, 52, 133, 56, 517, 60, 504, 64, 284, 
325, 1, 150, 7, 93, 10, 45, 14, 60, 15, 244, 18, 109, 21, 277, 26, 428, 29, 408, 29, 156, 33, 173, 38, 473, 40, 371, 44, 94, 50, 340, 
326, 0, 298, 1, 298, 1, 562, 1, 150, 7, 93, 10, 45, 14, 60, 15, 244, 18, 109, 21, 277, 26, 428, 29, 408, 35, 156, 35, 173, 42, 473, 46, 371, 52, 94, 60, 340, 
327, 1, 33, 5, 383, 10, 298, 14, 60, 19, 95, 23, 34, 28, 389, 32, 298, 37, 253, 41, 244, 46, 38, 50, 175, 55, 37, 
328, 1, 28, 1, 310, 4, 673, 8, 44, 12, 189, 16, 328, 20, 523, 24, 91, 28, 242, 32, 201, 36, 414, 40, 89, 44, 276, 48, 90, 
329, 0, 225, 1, 225, 1, 673, 1, 523, 1, 91, 1, 242, 1, 276, 1, 90, 1, 28, 1, 310, 1, 48, 1, 44, 12, 189, 16, 328, 20, 525, 24, 103, 28, 405, 32, 201, 38, 414, 44, 89, 50, 253, 56, 407, 62, 586, 
330, 0, 337, 1, 200, 1, 337, 1, 225, 1, 349, 1, 364, 1, 673, 1, 523, 1, 91, 1, 242, 1, 276, 1, 90, 1, 28, 1, 310, 1, 48, 1, 44, 12, 189, 16, 328, 20, 525, 24, 103, 28, 405, 32, 201, 38, 414, 44, 89, 52, 253, 60, 407, 68, 586, 
331, 1, 40, 1, 43, 4, 71, 7, 74, 10, 73, 13, 28, 16, 398, 19, 372, 22, 275, 26, 371, 30, 191, 34, 389, 38, 42, 42, 412, 46, 178, 50, 201, 54, 194, 
332, 0, 596, 1, 596, 1, 194, 1, 279, 1, 40, 1, 43, 1, 71, 1, 74, 4, 71, 7, 74, 10, 73, 13, 28, 16, 398, 19, 372, 22, 275, 26, 371, 30, 191, 35, 389, 38, 42, 44, 412, 49, 178, 54, 201, 59, 194, 
333, 1, 64, 1, 45, 4, 574, 8, 54, 12, 31, 16, 496, 20, 225, 24, 219, 28, 47, 32, 538, 36, 36, 40, 585, 44, 195, 
334, 0, 406, 1, 542, 1, 406, 1, 365, 1, 64, 1, 45, 1, 574, 1, 54, 12, 31, 16, 496, 20, 225, 24, 219, 28, 47, 32, 538, 38, 36, 44, 585, 50, 195, 56, 143, 
335, 1, 10, 1, 43, 5, 98, 8, 210, 12, 468, 15, 332, 19, 163, 22, 279, 26, 306, 29, 206, 33, 263, 36, 197, 40, 404, 43, 269, 47, 14, 50, 370, 
336, 1, 35, 1, 207, 4, 44, 6, 122, 9, 342, 11, 364, 14, 103, 16, 474, 19, 137, 21, 305, 24, 599, 26, 400, 29, 380, 31, 398, 34, 114, 36, 14, 39, 242, 41, 562, 44, 489, 46, 188, 
337, 1, 585, 1, 236, 1, 33, 1, 106, 1, 93, 1, 88, 5, 95, 10, 397, 15, 157, 20, 473, 25, 322, 30, 94, 35, 444, 40, 248, 45, 478, 50, 153, 
338, 1, 394, 1, 234, 1, 33, 1, 106, 1, 93, 1, 88, 5, 95, 10, 397, 15, 157, 20, 428, 25, 322, 30, 94, 35, 444, 40, 76, 45, 472, 50, 153, 
339, 1, 189, 1, 55, 6, 156, 6, 173, 12, 352, 18, 133, 24, 401, 31, 330, 36, 89, 42, 248, 48, 90, 
340, 0, 37, 1, 37, 1, 562, 1, 428, 1, 321, 1, 189, 1, 55, 1, 156, 1, 173, 12, 352, 18, 133, 24, 401, 33, 330, 40, 89, 48, 248, 56, 90, 
341, 1, 55, 1, 106, 4, 43, 8, 269, 12, 61, 16, 282, 20, 458, 24, 182, 28, 400, 32, 534, 36, 14, 40, 242, 44, 152, 48, 283, 52, 12, 
342, 0, 129, 1, 129, 1, 55, 1, 106, 1, 43, 1, 269, 12, 61, 16, 282, 20, 458, 24, 182, 28, 400, 34, 534, 40, 14, 46, 242, 52, 152, 58, 283, 64, 12, 
343, 1, 106, 1, 189, 3, 229, 6, 93, 9, 317, 12, 379, 15, 60, 18, 246, 21, 286, 24, 322, 27, 326, 30, 414, 33, 120, 36, 470, 36, 471, 39, 201, 42, 153, 
344, 0, 63, 1, 63, 1, 100, 1, 106, 1, 189, 1, 229, 1, 93, 9, 317, 12, 379, 15, 60, 18, 246, 21, 286, 24, 322, 27, 326, 30, 414, 33, 120, 38, 470, 38, 471, 43, 201, 48, 153, 
345, 1, 35, 1, 310, 4, 51, 8, 109, 12, 275, 16, 246, 20, 72, 24, 362, 28, 133, 32, 380, 36, 202, 41, 254, 41, 255, 41, 256, 44, 412, 
346, 1, 73, 1, 35, 1, 310, 1, 51, 1, 109, 12, 275, 16, 246, 20, 72, 24, 362, 28, 133, 32, 380, 36, 202, 43, 254, 43, 255, 43, 256, 48, 412, 
347, 1, 210, 1, 106, 4, 55, 8, 479, 12, 232, 16, 246, 20, 450, 24, 362, 28, 163, 32, 306, 36, 350, 41, 182, 44, 404, 
348, 1, 210, 1, 106, 1, 55, 1, 479, 12, 232, 16, 246, 20, 450, 24, 362, 28, 163, 32, 306, 36, 350, 43, 182, 48, 404, 
349, 1, 150, 15, 33, 25, 175, 
350, 0, 352, 1, 352, 1, 175, 1, 150, 1, 33, 1, 35, 1, 55, 4, 574, 8, 239, 12, 392, 16, 213, 20, 791, 24, 525, 28, 105, 32, 401, 36, 219, 40, 57, 44, 240, 48, 489, 52, 56, 
351, 1, 33, 10, 55, 10, 52, 10, 181, 15, 29, 20, 240, 20, 241, 20, 258, 25, 311, 35, 56, 35, 126, 35, 59, 45, 542, 
352, 1, 168, 1, 39, 1, 310, 1, 122, 1, 10, 4, 20, 7, 425, 10, 364, 13, 154, 16, 50, 18, 60, 21, 246, 25, 163, 30, 197, 33, 421, 38, 103, 42, 164, 46, 389, 50, 492, 
353, 1, 282, 4, 103, 7, 101, 10, 180, 13, 425, 16, 261, 19, 220, 22, 506, 26, 174, 30, 247, 34, 272, 38, 389, 42, 282, 46, 288, 50, 271, 54, 566, 
354, 1, 566, 1, 282, 1, 103, 1, 101, 1, 180, 4, 103, 7, 101, 10, 180, 13, 425, 16, 261, 19, 220, 22, 506, 26, 174, 30, 247, 34, 272, 40, 389, 46, 282, 52, 288, 58, 271, 64, 566, 
355, 1, 310, 1, 43, 4, 50, 8, 425, 12, 109, 16, 101, 20, 371, 24, 261, 28, 212, 32, 506, 36, 174, 40, 247, 44, 248, 
356, 0, 325, 1, 325, 1, 7, 1, 8, 1, 9, 1, 356, 1, 20, 1, 310, 1, 43, 1, 50, 1, 425, 12, 109, 16, 101, 20, 371, 24, 261, 28, 212, 32, 506, 36, 174, 42, 247, 48, 248, 
357, 1, 437, 1, 43, 1, 16, 1, 74, 1, 75, 6, 230, 10, 23, 16, 345, 21, 18, 26, 536, 30, 349, 36, 403, 41, 34, 46, 692, 50, 235, 56, 76, 61, 437, 
358, 1, 361, 1, 35, 1, 45, 1, 310, 1, 93, 1, 387, 1, 494, 4, 45, 7, 310, 10, 93, 13, 281, 16, 113, 19, 36, 22, 326, 27, 215, 32, 253, 37, 219, 42, 38, 47, 505, 52, 94, 57, 361, 
359, 1, 98, 1, 43, 5, 104, 10, 282, 15, 197, 20, 269, 25, 163, 30, 400, 35, 116, 40, 389, 45, 14, 50, 248, 55, 195, 
360, 1, 68, 1, 243, 1, 219, 1, 194, 1, 150, 1, 204, 1, 227, 1, 133, 
361, 1, 181, 1, 310, 5, 43, 10, 104, 15, 420, 20, 182, 25, 196, 30, 524, 35, 44, 40, 423, 45, 258, 50, 29, 55, 242, 60, 59, 
362, 0, 573, 1, 573, 1, 329, 1, 181, 1, 310, 1, 43, 1, 104, 15, 420, 20, 182, 25, 196, 30, 524, 35, 44, 40, 423, 47, 258, 54, 29, 61, 242, 68, 59, 
363, 1, 205, 1, 111, 4, 45, 8, 55, 12, 181, 16, 156, 20, 173, 24, 362, 28, 62, 33, 227, 36, 34, 40, 57, 44, 59, 48, 258, 52, 329, 
364, 0, 207, 1, 207, 1, 205, 1, 111, 1, 45, 1, 55, 12, 181, 16, 156, 20, 173, 24, 362, 28, 62, 35, 227, 40, 34, 46, 57, 52, 59, 58, 258, 64, 329, 
365, 1, 207, 1, 242, 1, 423, 1, 205, 1, 111, 1, 45, 1, 55, 12, 181, 16, 156, 20, 173, 24, 362, 28, 62, 35, 227, 40, 34, 48, 57, 56, 59, 64, 258, 72, 329, 
366, 1, 55, 1, 250, 1, 334, 50, 504, 
367, 1, 250, 1, 44, 1, 55, 1, 334, 1, 504, 5, 103, 9, 184, 11, 240, 14, 352, 16, 423, 19, 362, 23, 389, 26, 291, 29, 226, 34, 242, 39, 401, 45, 489, 50, 56, 
368, 1, 250, 1, 93, 1, 55, 1, 334, 1, 504, 5, 240, 9, 97, 11, 577, 14, 352, 16, 133, 19, 392, 23, 219, 26, 291, 29, 226, 34, 94, 39, 401, 45, 489, 50, 56, 
369, 1, 33, 1, 106, 5, 55, 10, 246, 15, 281, 20, 291, 25, 36, 30, 401, 35, 156, 40, 175, 45, 56, 50, 38, 55, 457, 
370, 1, 33, 1, 204, 4, 55, 7, 97, 9, 577, 13, 715, 17, 352, 20, 213, 22, 362, 26, 175, 31, 186, 34, 36, 37, 608, 40, 392, 42, 487, 46, 56, 49, 219, 
371, 1, 52, 1, 43, 5, 44, 10, 225, 15, 29, 20, 184, 25, 242, 31, 337, 35, 428, 40, 116, 45, 53, 50, 200, 55, 38, 
372, 0, 182, 1, 182, 1, 52, 1, 43, 1, 44, 1, 225, 15, 29, 20, 184, 25, 242, 33, 337, 39, 428, 46, 116, 53, 53, 60, 200, 67, 38, 
373, 0, 19, 1, 19, 1, 182, 1, 525, 1, 52, 1, 43, 1, 44, 1, 225, 15, 29, 20, 184, 25, 242, 33, 337, 39, 428, 46, 116, 55, 53, 64, 200, 73, 38, 
374, 1, 33, 
375, 0, 93, 0, 232, 1, 93, 1, 232, 1, 418, 1, 33, 6, 428, 12, 393, 18, 430, 26, 36, 34, 94, 42, 184, 50, 309, 58, 334, 66, 97, 74, 63, 
376, 0, 359, 1, 359, 1, 93, 1, 232, 1, 418, 1, 33, 6, 428, 12, 393, 16, 430, 26, 36, 34, 94, 42, 184, 52, 309, 62, 334, 72, 97, 82, 63, 
377, 1, 451, 1, 88, 6, 523, 12, 246, 18, 23, 24, 157, 30, 174, 36, 334, 42, 359, 48, 444, 54, 276, 60, 199, 66, 192, 72, 63, 78, 153, 
378, 1, 451, 1, 196, 6, 523, 12, 246, 18, 23, 24, 58, 30, 174, 36, 133, 42, 359, 48, 59, 54, 276, 60, 199, 66, 192, 72, 63, 78, 153, 
379, 1, 451, 1, 232, 6, 523, 12, 246, 18, 23, 24, 442, 24, 430, 30, 174, 36, 334, 36, 133, 42, 359, 48, 484, 54, 276, 60, 199, 66, 192, 72, 63, 78, 153, 
380, 1, 500, 1, 204, 5, 270, 10, 105, 15, 93, 20, 366, 25, 225, 30, 273, 35, 296, 40, 428, 45, 406, 50, 505, 55, 513, 60, 94, 65, 470, 70, 361, 75, 375, 
381, 1, 500, 1, 349, 5, 270, 10, 105, 15, 93, 20, 366, 25, 225, 30, 502, 35, 295, 40, 428, 45, 406, 50, 505, 55, 493, 60, 94, 65, 471, 70, 262, 75, 375, 
382, 1, 352, 1, 246, 1, 34, 1, 184, 9, 401, 18, 347, 27, 330, 36, 58, 45, 329, 54, 392, 63, 618, 72, 56, 81, 38, 90, 323, 
383, 1, 341, 1, 246, 1, 436, 1, 184, 9, 414, 18, 339, 27, 89, 36, 359, 45, 90, 54, 156, 63, 619, 72, 126, 81, 76, 90, 284, 
384, 1, 620, 1, 239, 1, 246, 1, 403, 1, 184, 9, 242, 18, 349, 27, 245, 36, 406, 45, 304, 54, 156, 63, 19, 72, 542, 81, 200, 90, 63, 
385, 1, 93, 1, 273, 7, 129, 14, 270, 21, 791, 28, 428, 35, 356, 42, 94, 49, 309, 56, 361, 63, 156, 70, 248, 77, 38, 84, 322, 91, 387, 98, 353, 
386, 1, 43, 1, 35, 7, 101, 13, 100, 19, 282, 25, 390, 31, 94, 37, 415, 43, 375, 49, 428, 55, 322, 61, 105, 67, 354, 73, 63, 
387, 1, 33, 5, 110, 6, 670, 10, 74, 13, 75, 17, 174, 21, 44, 25, 72, 29, 73, 33, 235, 37, 242, 41, 202, 45, 437, 
388, 1, 33, 1, 110, 1, 71, 5, 110, 6, 670, 10, 74, 13, 75, 17, 174, 22, 44, 27, 72, 32, 73, 37, 235, 42, 242, 47, 202, 52, 437, 
389, 0, 89, 1, 89, 1, 452, 1, 33, 1, 110, 1, 71, 1, 75, 5, 110, 6, 670, 10, 74, 13, 75, 17, 174, 22, 44, 27, 72, 33, 73, 39, 235, 45, 242, 51, 202, 57, 437, 
390, 1, 10, 1, 43, 6, 52, 9, 269, 12, 612, 15, 154, 17, 172, 23, 417, 25, 259, 31, 263, 33, 83, 39, 512, 41, 303, 47, 53, 
391, 0, 183, 1, 183, 1, 10, 1, 43, 1, 52, 1, 417, 1, 263, 1, 53, 7, 52, 9, 269, 12, 612, 16, 154, 19, 172, 26, 364, 29, 259, 36, 370, 39, 83, 46, 512, 49, 303, 56, 394, 
392, 0, 370, 1, 370, 1, 183, 1, 394, 1, 10, 1, 43, 1, 52, 1, 269, 1, 417, 1, 263, 1, 53, 1, 259, 1, 303, 7, 52, 9, 269, 12, 612, 16, 154, 19, 172, 26, 364, 29, 369, 42, 83, 52, 512, 58, 347, 68, 394, 
393, 1, 1, 4, 45, 6, 55, 11, 204, 15, 64, 18, 61, 22, 207, 25, 31, 29, 362, 32, 250, 36, 54, 39, 65, 43, 56, 
394, 0, 232, 1, 232, 1, 33, 1, 45, 1, 1, 4, 45, 8, 55, 11, 204, 15, 64, 19, 61, 24, 207, 28, 31, 33, 362, 37, 250, 42, 54, 46, 65, 50, 56, 
395, 0, 453, 1, 453, 1, 232, 1, 33, 1, 45, 1, 1, 1, 204, 4, 45, 8, 55, 11, 14, 15, 64, 19, 61, 24, 207, 28, 31, 33, 362, 39, 250, 46, 54, 52, 65, 59, 56, 
396, 1, 33, 1, 45, 5, 98, 9, 17, 13, 104, 17, 283, 21, 18, 25, 332, 29, 36, 33, 97, 37, 413, 41, 515, 
397, 1, 33, 1, 45, 1, 98, 5, 98, 9, 17, 13, 104, 18, 283, 23, 18, 28, 332, 33, 36, 38, 97, 43, 413, 48, 515, 
398, 0, 370, 1, 370, 1, 33, 1, 45, 1, 98, 1, 17, 5, 98, 9, 17, 13, 104, 18, 283, 23, 18, 28, 332, 33, 36, 41, 97, 49, 413, 57, 515, 
399, 1, 33, 1, 45, 5, 111, 9, 205, 13, 29, 17, 269, 21, 281, 25, 242, 29, 36, 33, 162, 37, 14, 41, 133, 45, 276, 49, 174, 
400, 0, 55, 1, 55, 1, 453, 1, 33, 1, 45, 5, 111, 9, 205, 13, 29, 18, 269, 23, 281, 28, 242, 33, 36, 38, 162, 43, 14, 48, 133, 53, 276, 58, 174, 
401, 1, 45, 1, 1, 6, 522, 16, 450, 
402, 0, 210, 1, 210, 1, 45, 1, 1, 1, 522, 1, 450, 14, 71, 18, 47, 22, 116, 26, 163, 30, 404, 34, 103, 36, 565, 38, 269, 42, 400, 44, 564, 46, 405, 50, 195, 
403, 1, 33, 1, 43, 4, 84, 8, 268, 12, 44, 16, 209, 20, 46, 24, 521, 28, 184, 32, 86, 36, 242, 40, 435, 44, 207, 48, 528, 
404, 1, 33, 1, 43, 1, 84, 1, 268, 12, 44, 18, 209, 24, 46, 31, 521, 36, 184, 42, 86, 48, 242, 54, 435, 60, 207, 68, 528, 
405, 1, 604, 1, 33, 1, 43, 1, 84, 1, 268, 12, 44, 18, 209, 24, 46, 33, 521, 40, 184, 48, 86, 56, 242, 64, 435, 72, 207, 80, 528, 
406, 1, 71, 1, 74, 1, 78, 1, 388, 
407, 1, 580, 1, 40, 1, 599, 1, 72, 1, 73, 1, 345, 1, 390, 1, 230, 1, 202, 1, 235, 1, 92, 1, 572, 1, 312, 1, 275, 1, 80, 1, 71, 1, 74, 1, 78, 1, 388, 
408, 1, 29, 1, 43, 6, 116, 10, 397, 15, 36, 19, 184, 24, 372, 28, 14, 33, 246, 37, 428, 42, 103, 46, 457, 
409, 0, 283, 1, 283, 1, 29, 1, 43, 1, 116, 6, 116, 10, 397, 15, 36, 19, 184, 24, 372, 28, 14, 36, 246, 43, 428, 51, 103, 58, 457, 
410, 1, 33, 1, 182, 6, 269, 10, 319, 15, 36, 19, 334, 24, 207, 28, 246, 33, 203, 37, 368, 42, 442, 46, 484, 
411, 0, 335, 1, 335, 1, 33, 1, 182, 1, 269, 1, 319, 6, 269, 10, 319, 15, 36, 19, 334, 24, 207, 28, 246, 36, 203, 43, 368, 51, 442, 58, 484, 
412, 1, 182, 10, 33, 15, 450, 20, 81, 
413, 0, 483, 1, 483, 1, 389, 1, 33, 1, 182, 1, 450, 10, 182, 15, 450, 20, 81, 23, 93, 26, 75, 29, 74, 32, 60, 35, 611, 38, 175, 41, 213, 44, 94, 47, 437, 50, 405, 
414, 0, 483, 1, 483, 1, 33, 1, 182, 1, 450, 10, 182, 15, 450, 20, 81, 23, 93, 26, 16, 29, 77, 32, 60, 35, 355, 38, 522, 41, 403, 44, 94, 47, 679, 50, 405, 
415, 1, 230, 1, 16, 1, 522, 1, 450, 
416, 0, 163, 1, 163, 1, 522, 1, 450, 1, 230, 1, 16, 1, 40, 1, 109, 4, 210, 8, 597, 12, 565, 16, 154, 20, 207, 24, 312, 28, 403, 32, 408, 36, 92, 40, 454, 40, 455, 44, 194, 
417, 1, 45, 1, 608, 5, 98, 9, 204, 13, 209, 17, 203, 19, 609, 21, 129, 25, 486, 29, 186, 33, 86, 37, 162, 41, 435, 45, 387, 49, 87, 
418, 1, 33, 4, 45, 7, 39, 11, 98, 15, 55, 18, 44, 21, 129, 24, 453, 27, 458, 31, 250, 35, 127, 38, 401, 41, 97, 45, 56, 
419, 1, 423, 1, 242, 1, 33, 1, 45, 1, 98, 4, 45, 7, 39, 11, 98, 15, 55, 18, 44, 21, 129, 24, 453, 29, 458, 35, 250, 41, 127, 46, 401, 51, 97, 57, 56, 
420, 1, 234, 1, 33, 5, 670, 10, 74, 15, 270, 20, 345, 26, 73, 30, 36, 35, 572, 40, 388, 45, 76, 
421, 0, 241, 1, 241, 1, 579, 1, 234, 1, 33, 1, 670, 1, 74, 15, 270, 20, 345, 28, 73, 34, 36, 41, 572, 48, 388, 55, 76, 62, 80, 
422, 1, 55, 1, 189, 5, 106, 10, 105, 15, 352, 20, 246, 25, 34, 31, 330, 35, 414, 40, 240, 45, 262, 
423, 1, 55, 1, 189, 1, 106, 1, 105, 15, 352, 20, 246, 25, 34, 33, 330, 39, 414, 46, 240, 53, 262, 
424, 1, 530, 1, 10, 1, 39, 1, 28, 1, 310, 4, 28, 8, 310, 11, 226, 15, 321, 18, 154, 22, 129, 25, 103, 29, 97, 32, 458, 36, 374, 39, 417, 43, 387, 
425, 1, 107, 1, 310, 4, 16, 8, 116, 12, 371, 16, 506, 20, 247, 24, 254, 24, 256, 24, 255, 29, 120, 32, 194, 36, 226, 40, 366, 44, 153, 
426, 0, 566, 1, 566, 1, 668, 1, 107, 1, 310, 1, 16, 1, 116, 12, 371, 16, 506, 20, 247, 24, 254, 24, 256, 24, 255, 31, 120, 36, 194, 42, 226, 48, 366, 54, 153, 
427, 1, 150, 1, 1, 4, 111, 8, 608, 12, 495, 16, 98, 20, 24, 24, 204, 28, 226, 32, 29, 36, 97, 40, 494, 44, 260, 48, 340, 52, 361, 
428, 1, 243, 1, 277, 1, 150, 1, 1, 1, 111, 1, 608, 12, 495, 16, 98, 20, 24, 24, 204, 28, 226, 32, 29, 36, 97, 40, 494, 44, 260, 48, 340, 52, 361, 56, 136, 
429, 1, 595, 1, 408, 1, 566, 1, 345, 1, 45, 1, 180, 1, 310, 1, 109, 1, 212, 1, 506, 1, 60, 1, 220, 1, 371, 1, 247, 1, 195, 1, 288, 1, 93, 
430, 1, 400, 1, 389, 1, 310, 1, 114, 1, 17, 1, 16, 1, 101, 1, 372, 1, 269, 1, 314, 1, 212, 1, 366, 1, 259, 1, 64, 25, 207, 35, 417, 45, 492, 55, 400, 65, 511, 75, 399, 
431, 1, 252, 5, 10, 8, 45, 13, 95, 17, 332, 20, 154, 25, 204, 29, 269, 32, 514, 37, 163, 41, 389, 44, 213, 48, 468, 50, 583, 
432, 0, 207, 1, 207, 1, 252, 1, 10, 1, 45, 1, 389, 1, 583, 5, 10, 8, 45, 13, 95, 17, 332, 20, 154, 25, 204, 29, 269, 32, 514, 37, 163, 45, 34, 52, 213, 60, 468, 
433, 1, 35, 4, 45, 7, 310, 10, 93, 13, 281, 16, 387, 19, 494, 32, 253, 
434, 1, 139, 1, 10, 3, 364, 6, 108, 9, 491, 12, 154, 15, 116, 18, 44, 21, 474, 24, 103, 27, 92, 30, 389, 33, 262, 36, 400, 39, 562, 42, 599, 45, 153, 
435, 0, 53, 1, 53, 1, 139, 1, 10, 1, 364, 1, 108, 9, 491, 12, 154, 15, 116, 18, 44, 21, 474, 24, 103, 27, 92, 30, 389, 33, 262, 38, 400, 43, 562, 48, 599, 53, 153, 
436, 1, 33, 1, 93, 4, 109, 8, 371, 12, 286, 16, 360, 20, 95, 24, 219, 28, 326, 32, 484, 36, 334, 40, 319, 44, 248, 
437, 0, 335, 1, 335, 1, 241, 1, 311, 1, 33, 1, 93, 1, 109, 1, 371, 12, 286, 16, 360, 20, 95, 24, 219, 28, 326, 32, 484, 38, 334, 44, 319, 50, 248, 56, 240, 
438, 1, 313, 1, 383, 4, 175, 8, 88, 12, 335, 16, 102, 20, 317, 24, 715, 28, 389, 32, 157, 36, 67, 40, 68, 44, 38, 
439, 1, 1, 1, 383, 4, 226, 8, 227, 12, 93, 16, 272, 20, 182, 24, 278, 28, 60, 32, 102, 36, 113, 36, 115, 36, 219, 40, 389, 44, 605, 48, 94, 52, 298, 
440, 1, 107, 1, 1, 1, 383, 4, 111, 8, 186, 12, 574, 16, 343, 20, 204, 
441, 1, 304, 1, 448, 1, 590, 1, 269, 5, 64, 9, 45, 13, 47, 17, 31, 21, 448, 25, 269, 29, 496, 33, 102, 37, 497, 41, 355, 45, 253, 49, 575, 50, 297, 57, 304, 
442, 1, 101, 1, 109, 5, 425, 10, 180, 15, 371, 20, 417, 25, 506, 30, 262, 35, 389, 40, 174, 45, 247, 50, 399, 55, 95, 60, 138, 
443, 1, 328, 1, 33, 6, 28, 12, 225, 18, 523, 25, 44, 30, 163, 36, 337, 42, 91, 48, 201, 54, 36, 60, 407, 
444, 1, 530, 1, 328, 1, 33, 1, 28, 1, 225, 18, 523, 27, 44, 34, 163, 42, 337, 50, 91, 58, 201, 66, 36, 74, 407, 
445, 0, 242, 1, 242, 1, 530, 1, 328, 1, 33, 1, 28, 1, 225, 18, 523, 27, 44, 34, 163, 42, 337, 52, 91, 62, 201, 72, 36, 82, 407, 
446, 1, 122, 1, 33, 4, 111, 8, 278, 12, 343, 16, 44, 20, 254, 20, 256, 24, 103, 28, 34, 32, 374, 36, 133, 40, 118, 44, 175, 48, 187, 52, 387, 
447, 1, 98, 1, 203, 4, 364, 8, 232, 12, 68, 16, 526, 20, 249, 24, 417, 28, 103, 32, 501, 36, 395, 40, 14, 44, 270, 48, 383, 52, 515, 56, 179, 
448, 0, 396, 1, 396, 1, 791, 1, 526, 1, 249, 1, 417, 1, 103, 1, 395, 1, 270, 1, 383, 1, 515, 1, 179, 1, 98, 1, 197, 1, 364, 1, 232, 12, 68, 16, 673, 20, 612, 24, 347, 28, 319, 32, 501, 36, 198, 40, 14, 44, 505, 48, 309, 52, 406, 56, 245, 60, 370, 
449, 1, 33, 1, 28, 4, 44, 8, 281, 12, 328, 16, 91, 20, 242, 24, 201, 28, 36, 32, 46, 36, 156, 40, 89, 44, 38, 48, 90, 52, 303, 
450, 1, 423, 1, 424, 1, 422, 1, 33, 1, 28, 1, 44, 1, 281, 12, 328, 16, 91, 20, 242, 24, 201, 28, 36, 32, 46, 38, 156, 44, 89, 50, 38, 56, 90, 62, 303, 
451, 1, 40, 1, 43, 3, 468, 6, 565, 9, 305, 12, 44, 15, 390, 18, 450, 21, 474, 24, 282, 27, 184, 30, 42, 33, 92, 36, 400, 39, 440, 42, 404, 45, 367, 48, 242, 
452, 1, 422, 1, 423, 1, 424, 1, 40, 1, 43, 1, 468, 1, 565, 9, 305, 12, 44, 15, 390, 18, 450, 21, 474, 24, 282, 27, 184, 30, 42, 33, 92, 36, 400, 39, 440, 44, 404, 49, 367, 54, 242, 
453, 1, 40, 1, 189, 4, 310, 8, 269, 12, 260, 16, 279, 20, 474, 24, 389, 28, 207, 32, 398, 36, 92, 40, 417, 44, 188, 48, 562, 
454, 1, 40, 1, 189, 1, 310, 1, 269, 12, 260, 16, 279, 20, 474, 24, 389, 28, 207, 32, 398, 36, 92, 42, 417, 48, 188, 54, 562, 
455, 1, 20, 1, 74, 7, 44, 11, 22, 17, 230, 21, 275, 27, 447, 31, 536, 37, 254, 37, 255, 37, 256, 41, 242, 47, 402, 50, 438, 
456, 1, 1, 6, 55, 10, 213, 13, 240, 17, 16, 22, 352, 26, 175, 29, 219, 33, 392, 38, 250, 42, 369, 45, 340, 49, 366, 54, 487, 
457, 1, 487, 1, 16, 1, 1, 1, 55, 1, 213, 6, 55, 10, 213, 13, 240, 17, 16, 22, 352, 26, 175, 29, 219, 35, 392, 42, 250, 48, 369, 53, 340, 59, 366, 66, 487, 
458, 1, 33, 1, 55, 4, 48, 8, 17, 12, 352, 16, 469, 20, 97, 24, 61, 28, 29, 32, 403, 36, 392, 40, 340, 44, 36, 48, 56, 
459, 1, 181, 1, 43, 5, 670, 10, 54, 15, 420, 20, 75, 25, 196, 30, 207, 35, 275, 41, 452, 45, 59, 50, 329, 
460, 0, 8, 1, 8, 1, 694, 1, 181, 1, 43, 1, 670, 1, 54, 15, 420, 20, 75, 25, 196, 30, 207, 35, 275, 43, 452, 49, 59, 56, 329, 
461, 1, 279, 1, 372, 1, 98, 1, 251, 1, 97, 1, 163, 1, 10, 1, 43, 1, 269, 1, 420, 18, 232, 24, 196, 30, 154, 36, 468, 42, 374, 48, 417, 54, 103, 60, 400, 66, 399, 
462, 1, 161, 1, 604, 1, 602, 1, 243, 1, 84, 1, 33, 1, 48, 1, 86, 12, 486, 16, 360, 20, 209, 24, 103, 28, 393, 34, 430, 40, 435, 46, 319, 52, 113, 58, 199, 64, 192, 
463, 1, 122, 1, 111, 1, 205, 1, 48, 18, 35, 24, 50, 30, 23, 36, 282, 42, 103, 48, 21, 54, 438, 60, 187, 
464, 1, 359, 1, 33, 1, 39, 1, 479, 1, 523, 15, 30, 20, 184, 25, 23, 30, 350, 35, 529, 40, 36, 47, 89, 54, 444, 61, 224, 68, 32, 75, 439, 
465, 1, 335, 1, 71, 1, 20, 1, 78, 1, 74, 12, 72, 16, 22, 20, 77, 24, 246, 28, 282, 32, 202, 36, 79, 40, 21, 44, 321, 48, 438, 52, 275, 56, 580, 
466, 1, 528, 1, 98, 1, 43, 1, 84, 1, 268, 12, 129, 16, 351, 20, 86, 24, 103, 28, 9, 34, 435, 40, 67, 46, 85, 52, 113, 58, 87, 64, 416, 
467, 1, 123, 1, 43, 1, 52, 1, 108, 12, 499, 16, 172, 20, 109, 24, 184, 28, 7, 34, 436, 40, 67, 46, 53, 52, 241, 58, 126, 64, 63, 
468, 0, 403, 1, 403, 1, 584, 1, 143, 1, 396, 1, 245, 1, 161, 1, 204, 1, 246, 1, 281, 1, 118, 1, 495, 1, 38, 1, 219, 1, 266, 1, 226, 1, 387, 1, 273, 1, 45, 1, 1, 1, 186, 1, 791, 
469, 1, 405, 1, 403, 1, 400, 1, 450, 1, 33, 1, 16, 1, 98, 1, 104, 1, 95, 1, 17, 6, 98, 11, 104, 14, 332, 17, 197, 22, 48, 27, 253, 30, 81, 33, 246, 38, 364, 43, 163, 46, 103, 49, 369, 54, 403, 57, 405, 
470, 0, 75, 1, 75, 1, 343, 1, 129, 1, 44, 1, 383, 1, 226, 1, 36, 1, 204, 1, 38, 1, 270, 1, 33, 1, 45, 1, 39, 5, 28, 10, 98, 15, 608, 20, 73, 25, 345, 30, 235, 35, 241, 40, 202, 45, 14, 50, 348, 55, 387, 
471, 0, 196, 1, 196, 1, 343, 1, 129, 1, 383, 1, 226, 1, 36, 1, 204, 1, 38, 1, 270, 1, 33, 1, 45, 1, 39, 5, 28, 10, 98, 15, 608, 20, 420, 25, 44, 30, 423, 35, 258, 40, 573, 45, 243, 50, 59, 55, 387, 
472, 1, 12, 1, 422, 1, 423, 1, 424, 1, 398, 1, 28, 1, 106, 1, 282, 1, 40, 1, 400, 1, 163, 4, 28, 7, 106, 10, 282, 13, 98, 16, 210, 19, 189, 22, 512, 27, 400, 30, 369, 35, 103, 40, 404, 45, 89, 50, 14, 55, 12, 
473, 0, 458, 1, 458, 1, 423, 1, 246, 1, 33, 1, 189, 1, 181, 1, 175, 15, 420, 20, 54, 25, 203, 30, 196, 37, 133, 44, 36, 51, 89, 58, 59, 65, 37, 
474, 1, 433, 1, 417, 1, 111, 1, 33, 1, 160, 1, 278, 1, 393, 15, 84, 20, 60, 25, 176, 30, 97, 35, 105, 40, 435, 45, 161, 50, 277, 55, 199, 60, 192, 65, 63, 
475, 0, 163, 1, 163, 1, 400, 1, 45, 1, 574, 1, 95, 1, 577, 1, 286, 1, 60, 1, 791, 1, 204, 1, 347, 1, 94, 1, 138, 1, 248, 1, 43, 1, 210, 1, 104, 1, 93, 9, 270, 12, 364, 15, 100, 18, 332, 23, 206, 28, 182, 35, 14, 42, 427, 49, 505, 56, 501, 56, 469, 63, 370, 
476, 0, 161, 1, 161, 1, 602, 1, 393, 1, 356, 1, 469, 1, 33, 1, 334, 1, 335, 1, 106, 1, 88, 4, 334, 7, 335, 10, 479, 13, 86, 16, 156, 19, 209, 22, 157, 25, 408, 28, 350, 31, 435, 34, 201, 37, 414, 40, 444, 43, 199, 43, 192, 50, 776, 
477, 1, 325, 1, 7, 1, 8, 1, 9, 1, 356, 1, 20, 1, 310, 1, 43, 1, 50, 1, 425, 12, 109, 16, 101, 20, 371, 24, 261, 28, 212, 32, 506, 36, 174, 42, 247, 48, 248, 54, 194, 
478, 0, 506, 1, 506, 1, 194, 1, 182, 1, 44, 1, 423, 1, 29, 1, 242, 1, 181, 1, 310, 1, 43, 1, 104, 15, 420, 20, 577, 25, 196, 30, 524, 35, 109, 40, 258, 47, 261, 54, 694, 61, 247, 68, 59, 
479, 1, 310, 1, 104, 5, 84, 10, 109, 15, 268, 20, 486, 25, 86, 30, 351, 35, 506, 40, 164, 45, 271, 50, 435, 55, 253, 
480, 1, 93, 1, 156, 7, 129, 14, 203, 21, 60, 28, 286, 35, 326, 42, 133, 49, 94, 56, 281, 63, 248, 70, 175, 77, 262, 
481, 1, 93, 1, 156, 7, 129, 14, 182, 21, 60, 28, 286, 35, 326, 42, 204, 49, 94, 56, 260, 63, 248, 70, 383, 77, 361, 
482, 1, 93, 1, 156, 7, 129, 14, 197, 21, 60, 28, 286, 35, 326, 42, 417, 49, 94, 56, 253, 63, 248, 70, 387, 77, 153, 
483, 1, 184, 1, 232, 8, 225, 16, 246, 24, 163, 32, 430, 40, 459, 48, 337, 56, 396, 64, 408, 72, 368, 80, 414, 88, 231, 
484, 1, 184, 1, 352, 8, 225, 16, 246, 24, 163, 32, 392, 40, 460, 48, 337, 56, 396, 64, 408, 72, 401, 80, 414, 88, 56, 
485, 1, 83, 1, 43, 6, 232, 12, 246, 18, 424, 24, 184, 30, 442, 36, 242, 42, 436, 48, 319, 54, 414, 60, 257, 66, 444, 72, 463, 
486, 1, 1, 1, 109, 6, 371, 12, 279, 18, 23, 24, 182, 30, 282, 36, 5, 42, 776, 48, 469, 54, 428, 60, 484, 66, 359, 72, 416, 78, 462, 
487, 1, 425, 1, 432, 7, 225, 14, 246, 21, 506, 28, 163, 35, 184, 42, 421, 49, 467, 56, 220, 63, 396, 70, 337, 77, 414, 84, 194, 
488, 1, 93, 1, 104, 6, 54, 12, 62, 18, 60, 24, 375, 30, 163, 36, 427, 42, 236, 48, 219, 54, 94, 60, 585, 66, 248, 72, 461, 
489, 1, 55, 9, 204, 16, 48, 24, 61, 31, 151, 39, 250, 46, 352, 54, 392, 61, 291, 69, 240, 
490, 1, 294, 1, 55, 9, 204, 16, 48, 24, 61, 31, 151, 39, 250, 46, 352, 54, 392, 61, 291, 69, 240, 76, 391, 
491, 1, 109, 1, 50, 11, 98, 20, 95, 29, 389, 38, 492, 47, 104, 57, 114, 66, 464, 75, 417, 84, 138, 93, 399, 
492, 1, 74, 10, 345, 19, 73, 28, 235, 37, 230, 46, 361, 55, 388, 64, 312, 73, 412, 82, 186, 91, 361, 100, 465, 
493, 1, 69, 1, 322, 10, 356, 20, 414, 30, 304, 40, 245, 50, 361, 60, 248, 70, 105, 80, 63, 90, 195, 100, 449, 
494, 1, 237, 
495, 1, 237, 
496, 1, 237, 
497, 1, 237, 
498, 1, 237, 
499, 1, 237, 
500, 1, 237, 
501, 1, 237, 
502, 1, 237, 
503, 1, 237, 
504, 1, 237, 
505, 1, 237, 
506, 1, 237, 
507, 1, 237, 
508, 1, 237, 
509, 1, 237, 
510, 1, 237, 
511, 1, 237, 
512, 1, 237, 
513, 1, 237, 
514, 1, 237, 
515, 1, 237, 
516, 1, 237, 
517, 1, 237, 
518, 1, 237, 
519, 1, 237, 
520, 1, 237, 
521, 1, 33, 10, 55, 10, 52, 10, 181, 15, 29, 20, 240, 20, 241, 20, 258, 25, 311, 35, 56, 35, 126, 35, 59, 45, 542, 
522, 1, 33, 10, 55, 10, 52, 10, 181, 15, 29, 20, 240, 20, 241, 20, 258, 25, 311, 35, 56, 35, 126, 35, 59, 45, 542, 
523, 1, 33, 10, 55, 10, 52, 10, 181, 15, 29, 20, 240, 20, 241, 20, 258, 25, 311, 35, 56, 35, 126, 35, 59, 45, 542, 
524, 1, 43, 1, 35, 7, 101, 13, 100, 19, 269, 25, 390, 31, 94, 37, 276, 43, 375, 49, 428, 55, 322, 61, 192, 67, 354, 73, 63, 
525, 1, 43, 1, 35, 7, 101, 13, 100, 19, 282, 25, 191, 31, 94, 37, 415, 43, 375, 49, 428, 55, 334, 55, 133, 61, 105, 67, 354, 73, 68, 73, 243, 
526, 1, 43, 1, 35, 7, 101, 13, 104, 19, 282, 25, 390, 31, 94, 37, 129, 43, 375, 49, 428, 55, 97, 61, 105, 67, 354, 73, 245, 
527, 1, 182, 10, 33, 15, 450, 20, 81, 
528, 1, 182, 10, 33, 15, 450, 20, 81, 
529, 0, 483, 1, 483, 1, 389, 1, 33, 1, 182, 1, 450, 10, 182, 15, 450, 20, 81, 23, 93, 26, 350, 29, 106, 32, 60, 35, 611, 38, 175, 41, 213, 44, 94, 47, 90, 50, 405, 
530, 0, 483, 1, 483, 1, 368, 1, 389, 1, 33, 1, 182, 1, 450, 10, 182, 15, 450, 20, 81, 23, 93, 26, 368, 29, 319, 32, 60, 35, 611, 38, 175, 41, 213, 44, 94, 47, 442, 50, 405, 
531, 0, 483, 1, 483, 1, 33, 1, 182, 1, 450, 10, 182, 15, 450, 20, 81, 23, 93, 26, 16, 29, 77, 32, 60, 35, 355, 38, 522, 41, 403, 44, 94, 47, 679, 50, 405, 
532, 0, 483, 1, 483, 1, 33, 1, 182, 1, 450, 10, 182, 15, 450, 20, 81, 23, 93, 26, 16, 29, 77, 32, 60, 35, 355, 38, 522, 41, 403, 44, 94, 47, 679, 50, 405, 
533, 0, 241, 1, 241, 1, 579, 1, 234, 1, 33, 1, 670, 1, 74, 15, 270, 20, 345, 28, 73, 34, 36, 41, 572, 48, 388, 55, 76, 62, 80, 
534, 1, 55, 1, 189, 5, 106, 10, 105, 15, 352, 20, 246, 25, 34, 31, 330, 35, 414, 40, 240, 45, 262, 
535, 1, 55, 1, 189, 1, 106, 1, 105, 15, 352, 20, 246, 25, 34, 33, 330, 39, 414, 46, 240, 53, 262, 
536, 1, 310, 1, 104, 5, 84, 10, 109, 15, 268, 20, 486, 25, 86, 30, 351, 35, 506, 40, 164, 45, 271, 50, 435, 55, 253, 
537, 1, 310, 1, 104, 5, 84, 10, 109, 15, 268, 20, 486, 25, 86, 30, 351, 35, 506, 40, 164, 45, 271, 50, 435, 55, 253, 
538, 1, 310, 1, 104, 5, 84, 10, 109, 15, 268, 20, 486, 25, 86, 30, 351, 35, 506, 40, 164, 45, 271, 50, 435, 55, 253, 
539, 1, 310, 1, 104, 5, 84, 10, 109, 15, 268, 20, 486, 25, 86, 30, 351, 35, 506, 40, 164, 45, 271, 50, 435, 55, 253, 
540, 1, 310, 1, 104, 5, 84, 10, 109, 15, 268, 20, 486, 25, 86, 30, 351, 35, 506, 40, 164, 45, 271, 50, 435, 55, 253, 
541, 1, 425, 1, 432, 7, 225, 14, 246, 21, 506, 28, 163, 35, 184, 42, 421, 49, 467, 56, 220, 63, 396, 70, 337, 77, 414, 84, 194, 
542, 1, 74, 10, 345, 19, 73, 28, 98, 37, 230, 46, 361, 55, 388, 64, 403, 73, 412, 82, 186, 91, 437, 100, 465, 
543, 1, 69, 1, 322, 10, 356, 20, 414, 30, 304, 40, 245, 50, 361, 60, 248, 70, 105, 80, 63, 90, 195, 100, 449, 
544, 1, 69, 1, 322, 10, 356, 20, 414, 30, 304, 40, 245, 50, 361, 60, 248, 70, 105, 80, 63, 90, 195, 100, 449, 
545, 1, 69, 1, 322, 10, 356, 20, 414, 30, 304, 40, 245, 50, 361, 60, 248, 70, 105, 80, 63, 90, 195, 100, 449, 
546, 1, 69, 1, 322, 10, 356, 20, 414, 30, 304, 40, 245, 50, 361, 60, 248, 70, 105, 80, 63, 90, 195, 100, 449, 
547, 1, 69, 1, 322, 10, 356, 20, 414, 30, 304, 40, 245, 50, 361, 60, 248, 70, 105, 80, 63, 90, 195, 100, 449, 
548, 1, 69, 1, 322, 10, 356, 20, 414, 30, 304, 40, 245, 50, 361, 60, 248, 70, 105, 80, 63, 90, 195, 100, 449, 
549, 1, 69, 1, 322, 10, 356, 20, 414, 30, 304, 40, 245, 50, 361, 60, 248, 70, 105, 80, 63, 90, 195, 100, 449, 
550, 1, 69, 1, 322, 10, 356, 20, 414, 30, 304, 40, 245, 50, 361, 60, 248, 70, 105, 80, 63, 90, 195, 100, 449, 
551, 1, 69, 1, 322, 10, 356, 20, 414, 30, 304, 40, 245, 50, 361, 60, 248, 70, 105, 80, 63, 90, 195, 100, 449, 
552, 1, 69, 1, 322, 10, 356, 20, 414, 30, 304, 40, 245, 50, 361, 60, 248, 70, 105, 80, 63, 90, 195, 100, 449, 
553, 1, 69, 1, 322, 10, 356, 20, 414, 30, 304, 40, 245, 50, 361, 60, 248, 70, 105, 80, 63, 90, 195, 100, 449, 
554, 1, 69, 1, 322, 10, 356, 20, 414, 30, 304, 40, 245, 50, 361, 60, 248, 70, 105, 80, 63, 90, 195, 100, 449, 
555, 1, 69, 1, 322, 10, 356, 20, 414, 30, 304, 40, 245, 50, 361, 60, 248, 70, 105, 80, 63, 90, 195, 100, 449, 
556, 1, 69, 1, 322, 10, 356, 20, 414, 30, 304, 40, 245, 50, 361, 60, 248, 70, 105, 80, 63, 90, 195, 100, 449, 
557, 1, 69, 1, 322, 10, 356, 20, 414, 30, 304, 40, 245, 50, 361, 60, 248, 70, 105, 80, 63, 90, 195, 100, 449, 
558, 1, 69, 1, 322, 10, 356, 20, 414, 30, 304, 40, 245, 50, 361, 60, 248, 70, 105, 80, 63, 90, 195, 100, 449, 
559, 1, 69, 1, 322, 10, 356, 20, 414, 30, 304, 40, 245, 50, 361, 60, 248, 70, 105, 80, 63, 90, 195, 100, 449, 