1, 59, 1, 79, 3, 74, 6, 595, 9, 60, 12, 391, 15, 152, 15, 123, 18, 186, 21, 139, 24, 258, 27, 675, 30, 350, 33, 387, 36, 463,
1, 163, 1, 154, 1, 684, 1, 455, 9, 349, 12, 232, 15, 233, 15, 526, 20, 338, 25, 236, 30, 127, 35, 347, 40, 114, 45, 420, 50, 322,
0, 566, 1, 497, 1, 173, 1, 509, 1, 187, 1, 470, 1, 667, 9, 402, 12, 530, 15, 166, 15, 349, 20, 114, 25, 356, 30, 458, 37, 393, 44, 525, 51, 92, 58, 234,
1, 530, 1, 110, 4, 455, 8, 30, 12, 106, 17, 275, 20, 269, 24, 171, 28, 200, 32, 359, 36, 264, 40, 389,
1, 468, 1, 506, 1, 158, 1, 317, 12, 14, 19, 231, 24, 497, 30, 307, 37, 268, 42, 0, 48, 238, 54, 279,
0, 369, 1, 707, 1, 261, 1, 212, 1, 227, 1, 163, 1, 334, 1, 189, 12, 361, 19, 350, 24, 435, 30, 340, 39, 438, 46, 16, 54, 283, 62, 434,
1, 118, 1, 449, 3, 238, 6, 272, 9, 72, 12, 242, 15, 791, 18, 432, 21, 60, 24, 604, 27, 503, 30, 294, 33, 116, 36, 565,
1, 34, 1, 46, 1, 356, 1, 620, 9, 84, 12, 129, 15, 598, 20, 234, 25, 183, 30, 167, 35, 499, 40, 244, 45, 325, 50, 522,
0, 670, 1, 514, 1, 276, 1, 173, 1, 187, 1, 148, 9, 421, 12, 277, 15, 178, 20, 668, 25, 337, 30, 10, 35, 248, 42, 65, 49, 423, 56, 235,
1, 192, 1, 408, 9, 334,
0, 248, 1, 406,
0, 423, 1, 575, 1, 345, 1, 348, 1, 672, 1, 186, 4, 241, 8, 11, 12, 32, 12, 65, 12, 619, 16, 188, 20, 221, 24, 448, 28, 78, 32, 463, 36, 258, 40, 259, 44, 514,
1, 513, 1, 412, 9, 232,
0, 522, 1, 343,
0, 491, 1, 404, 1, 311, 1, 272, 1, 133, 1, 707, 11, 419, 14, 590, 17, 397, 20, 121, 23, 371, 26, 457, 29, 408, 32, 54, 35, 270, 38, 372, 41, 90, 44, 315,
1, 166, 5, 281, 9, 177, 13, 333, 17, 347, 21, 90, 25, 270, 29, 383, 33, 580, 37, 396, 41, 460, 45, 101, 49, 326, 53, 245,
1, 191, 1, 333, 1, 530, 5, 596, 9, 98, 13, 87, 17, 155, 22, 92, 27, 101, 32, 279, 37, 31, 42, 234, 47, 40, 52, 388, 57, 710, 62, 299,
1, 484, 1, 425, 1, 44, 1, 282, 1, 54, 5, 256, 9, 177, 13, 421, 17, 92, 22, 65, 27, 510, 32, 34, 38, 181, 44, 319, 50, 692, 56, 315, 62, 244, 68, 122,
1, 486, 1, 231, 4, 449, 7, 529, 10, 195, 13, 353, 16, 525, 19, 180, 22, 440, 25, 304, 28, 684, 31, 18, 34, 31,
0, 175, 1, 330, 1, 342, 1, 472, 1, 256, 1, 66, 1, 343, 4, 30, 7, 402, 10, 515, 13, 597, 16, 50, 19, 220, 24, 240, 29, 73, 34, 423, 39, 258, 44, 179,
1, 215, 1, 294, 4, 291, 8, 413, 11, 115, 15, 76, 18, 396, 22, 383, 25, 285, 29, 190, 32, 130, 36, 334,
1, 277, 1, 62, 1, 79, 1, 605, 1, 75, 4, 200, 8, 458, 11, 273, 15, 173, 18, 225, 23, 369, 27, 370, 32, 455, 36, 156, 41, 362, 45, 65,
1, 215, 1, 188, 4, 528, 9, 51, 12, 180, 17, 417, 20, 707, 25, 208, 25, 464, 25, 409, 28, 555, 33, 361, 36, 249, 38, 577, 41, 84, 44, 604, 49, 110,
0, 182, 1, 201, 1, 229, 1, 436, 1, 47, 1, 453, 1, 230, 1, 167, 1, 102, 4, 33, 9, 536, 12, 471, 17, 78, 20, 64, 27, 710, 27, 474, 27, 62, 32, 66, 39, 682, 44, 504, 48, 538, 51, 442, 56, 123, 63, 266,
1, 433, 1, 523, 1, 64, 1, 584, 1, 668, 1, 413, 1, 88, 1, 65, 1, 364, 4, 441, 8, 330, 12, 317, 16, 323, 20, 326, 24, 329, 28, 230, 32, 196, 36, 355, 40, 39, 44, 776,
0, 97, 1, 182, 1, 283, 1, 504, 1, 399, 1, 71, 1, 332, 1, 137, 1, 339, 1, 179, 1, 247, 1, 24, 1, 417, 1, 227, 1, 64, 1, 87, 1, 581, 1, 306, 1, 143, 1, 577, 1, 359, 1, 431,
1, 189, 1, 258, 3, 464, 6, 387, 9, 521, 12, 110, 15, 210, 18, 107, 21, 221, 24, 188, 27, 438, 30, 502, 33, 356, 36, 135, 39, 138, 42, 451, 45, 585,
1, 129, 1, 447, 1, 342, 1, 237, 1, 583, 1, 52, 9, 162, 12, 77, 15, 157, 18, 372, 21, 21, 26, 111, 31, 256, 36, 108, 41, 406, 46, 668, 51, 384, 56, 432, 61, 55,
1, 67, 1, 413, 5, 494, 10, 424, 15, 72, 20, 331, 25, 487, 30, 135, 35, 39, 40, 602, 45, 517, 50, 434, 55, 50,
1, 201, 1, 166, 1, 176, 1, 86, 15, 522, 22, 308, 29, 42, 36, 583, 43, 156, 50, 304, 57, 11, 64, 61, 71, 679,
0, 379, 1, 180, 1, 201, 1, 261, 1, 333, 1, 568, 1, 352, 1, 310, 1, 436, 1, 282, 1, 269, 1, 195, 1, 608, 1, 186, 1, 266, 1, 2,
1, 306, 1, 509, 5, 374, 10, 323, 15, 224, 20, 452, 25, 401, 30, 238, 35, 351, 40, 206, 45, 510, 50, 618, 55, 252,
1, 385, 1, 379, 1, 15, 1, 307, 15, 209, 22, 602, 29, 234, 36, 513, 43, 188, 50, 609, 57, 476, 64, 319, 71, 182,
0, 278, 1, 585, 1, 602, 1, 454, 1, 223, 1, 499, 1, 21, 1, 123, 1, 124, 1, 118, 1, 484, 1, 74, 1, 269, 1, 53, 1, 315, 1, 448,
1, 286, 1, 467, 1, 264, 1, 209, 1, 344, 1, 309, 1, 308, 1, 73, 1, 179, 1, 72, 4, 190, 8, 129, 12, 88, 16, 441, 20, 239, 24, 11, 28, 201, 32, 84, 36, 351, 40, 372, 44, 312, 48, 411,
1, 283, 1, 221, 1, 304, 1, 297, 1, 372, 1, 246, 1, 276, 1, 356, 1, 47, 1, 355, 1, 432, 1, 6, 1, 59, 1, 417, 1, 536, 1, 313, 1, 468, 1, 229, 1, 573, 1, 106, 1, 104, 1, 387,
1, 200, 1, 156, 4, 530, 8, 90, 12, 106, 16, 314, 20, 562, 24, 350, 28, 201, 32, 70, 36, 596, 40, 331, 44, 303, 48, 155, 52, 284, 56, 282,
1, 201, 1, 199, 1, 134, 1, 375, 1, 364, 1, 200, 1, 618, 1, 288, 1, 314, 1, 590, 1, 29, 1, 404, 1, 275, 1, 262, 1, 540, 1, 394, 1, 305, 1, 168,
1, 450, 1, 52, 1, 461, 1, 428, 1, 106, 1, 439, 1, 127, 1, 581, 4, 323, 8, 247, 12, 212, 12, 208, 12, 399, 16, 168, 20, 430, 24, 288, 28, 404, 32, 506, 36, 472, 40, 586, 44, 284,
1, 45, 1, 296, 1, 32, 1, 575, 1, 195, 1, 349, 1, 342, 1, 694, 1, 25, 1, 284, 1, 17, 1, 189, 1, 14, 1, 10, 1, 42, 1, 114, 1, 412, 1, 157, 1, 422, 1, 402, 1, 409,
1, 2, 1, 70, 5, 453, 10, 422, 15, 155, 20, 239, 25, 58, 30, 156, 35, 505, 40, 286, 45, 191, 50, 7, 55, 273,
1, 451, 1, 225, 1, 487, 1, 670, 1, 203, 15, 590, 20, 248, 27, 102, 34, 240, 41, 392, 48, 435, 55, 8, 62, 450, 69, 111,
1, 11, 1, 472, 4, 521, 8, 395, 12, 223, 14, 288, 16, 58, 18, 78, 20, 32, 24, 296, 28, 393, 32, 195, 36, 252, 40, 263,
1, 715, 1, 233, 1, 352, 1, 108, 12, 446, 14, 483, 16, 186, 18, 375, 20, 413, 26, 225, 32, 370, 38, 111, 44, 171, 50, 168,
0, 212, 1, 155, 1, 36, 1, 215, 1, 449, 1, 442, 1, 249, 1, 564, 1, 254, 1, 114, 1, 590, 1, 221, 1, 461, 1, 227, 1, 437, 1, 462, 1, 331,
1, 224, 6, 215, 6, 319, 11, 70, 17, 112, 22, 359, 27, 776, 33, 595, 38, 58, 43, 471, 49, 322, 54, 675,
1, 506, 1, 231, 1, 574, 1, 175, 1, 229, 6, 595, 6, 50, 11, 261, 17, 540, 22, 524, 29, 31, 37, 488, 44, 126, 51, 44, 59, 213, 66, 384,
1, 323, 1, 156, 1, 250, 5, 191, 11, 329, 13, 368, 17, 16, 23, 251, 25, 152, 29, 416, 35, 280, 37, 337, 41, 205, 47, 420,
0, 585, 1, 34, 1, 157, 1, 304, 1, 217, 1, 492, 1, 565, 1, 198, 1, 370, 5, 673, 11, 388, 13, 487, 17, 501, 23, 9, 25, 457, 29, 590, 37, 43, 41, 182, 47, 151, 55, 672, 59, 312, 63, 447,
1, 178, 1, 182, 4, 370, 8, 510, 12, 156, 16, 209, 20, 303, 24, 444, 28, 319, 32, 668, 36, 239, 40, 34, 44, 176,
0, 21, 1, 93, 1, 379, 1, 38, 1, 384, 1, 56, 1, 325, 1, 103, 12, 43, 16, 343, 20, 460, 24, 619, 30, 176, 36, 502, 42, 16, 48, 393, 54, 104,
1, 710, 1, 102, 4, 536, 8, 112, 12, 352, 16, 5, 20, 206, 24, 555, 29, 491, 32, 151, 36, 436, 40, 134, 44, 139,
0, 465, 1, 61, 1, 66, 1, 379, 1, 371, 1, 1, 1, 126, 12, 142, 16, 20, 20, 6, 24, 491, 31, 414, 36, 679, 42, 431, 48, 224, 54, 542,
1, 167, 1, 409, 3, 237, 6, 684, 9, 354, 12, 243, 15, 505, 18, 208, 21, 123, 24, 29, 27, 521, 30, 95, 34, 106, 36, 38, 39, 188,
1, 28, 1, 431, 1, 314, 1, 281, 1, 361, 9, 167, 12, 223, 15, 18, 18, 389, 21, 383, 24, 504, 27, 338, 30, 467, 36, 791, 40, 127, 45, 250,
1, 414, 1, 61, 1, 435, 1, 134, 1, 338, 5, 402, 8, 694, 12, 670, 15, 474, 19, 177, 22, 251, 26, 239, 29, 24, 33, 431, 36, 369, 40, 430, 43, 457, 47, 16, 50, 411,
1, 449, 1, 44, 1, 77, 1, 590, 1, 255, 1, 482, 1, 418, 5, 200, 8, 22, 12, 94, 15, 54, 19, 192, 22, 480, 26, 84, 30, 180, 35, 184, 39, 288, 44, 565, 48, 47, 53, 473, 57, 446,
1, 504, 1, 180, 4, 254, 8, 141, 12, 163, 16, 502, 20, 137, 24, 266, 28, 333, 32, 521, 36, 442, 40, 489, 44, 530, 48, 330, 52, 464, 56, 380,
0, 85, 1, 486, 1, 2, 1, 281, 1, 282, 1, 620, 1, 179, 1, 270, 1, 529, 1, 343, 1, 211, 1, 446, 1, 143, 1, 463, 1, 230, 1, 129, 1, 205, 1, 472, 1, 497,
1, 259, 1, 19, 6, 406, 12, 791, 18, 94, 24, 467, 30, 109, 36, 609, 42, 490, 48, 349, 54, 310,
1, 556, 1, 278, 1, 262, 1, 499, 18, 191, 24, 451, 32, 34, 40, 294, 48, 114, 56, 126, 66, 190,
0, 231, 1, 364, 1, 127, 1, 319, 1, 229, 1, 453, 1, 370, 1, 72, 1, 407, 1, 20, 1, 170, 1, 57, 1, 403, 1, 213, 1, 422, 1, 471,
1, 44,
0, 354, 1, 408, 1, 186, 1, 612, 1, 84, 5, 583, 10, 219, 15, 204, 20, 266, 25, 263, 30, 321, 35, 207, 40, 350, 45, 367, 50, 452,
1, 555, 1, 470, 1, 612, 1, 415, 5, 143, 10, 294, 15, 385, 20, 81, 25, 176, 30, 433, 35, 707, 40, 1, 45, 333, 50, 366,
1, 258, 1, 91, 4, 211, 8, 397, 12, 494, 16, 334, 20, 512, 24, 121, 29, 177, 32, 36, 36, 491, 40, 602, 44, 568, 48, 92, 52, 191,
1, 107, 1, 175, 1, 405, 1, 178, 12, 529, 16, 583, 20, 209, 24, 589, 31, 22, 36, 670, 42, 212, 48, 364, 54, 279, 60, 238, 66, 423,
1, 564, 1, 200, 1, 473, 1, 313, 1, 383, 12, 103, 16, 232, 20, 502, 24, 325, 31, 297, 36, 298, 42, 98, 48, 305, 54, 134, 60, 521, 66, 480,
1, 682, 7, 515, 11, 32, 13, 181, 15, 243, 17, 389, 23, 277, 27, 51, 29, 91, 35, 416, 39, 388, 41, 79, 47, 385,
1, 115, 1, 502, 1, 63, 7, 57, 11, 202, 13, 472, 15, 360, 17, 379, 24, 407, 29, 152, 32, 480, 39, 315, 44, 179, 47, 323, 54, 335,
0, 512, 1, 186, 1, 279, 1, 266, 1, 322, 1, 156, 1, 184, 1, 209, 1, 257, 1, 36, 1, 226, 1, 205, 1, 51, 1, 597, 1, 526, 1, 462, 1, 403, 1, 262, 32, 211, 44, 472,
1, 74, 1, 120, 4, 157, 8, 5, 12, 177, 16, 94, 20, 525, 24, 35, 28, 406, 32, 261, 36, 311, 40, 55, 44, 418, 48, 9,
1, 291, 1, 413, 1, 353, 1, 306, 1, 404, 12, 247, 16, 523, 20, 299, 24, 252, 28, 618, 34, 36, 40, 217, 46, 148, 52, 694, 58, 460,
1, 215, 1, 18, 4, 470, 6, 503, 10, 460, 12, 88, 16, 352, 18, 52, 22, 461, 24, 510, 28, 322, 30, 281, 34, 459, 36, 360, 40, 206, 42, 197,
1, 325, 1, 127, 1, 415, 4, 263, 6, 398, 10, 362, 12, 431, 16, 475, 18, 93, 22, 499, 24, 86, 30, 201, 34, 286, 40, 343, 44, 16, 50, 457, 54, 472,
1, 280, 1, 599, 1, 313, 1, 190, 4, 464, 6, 156, 10, 375, 12, 406, 16, 416, 18, 113, 22, 32, 24, 424, 30, 461, 34, 311, 40, 93, 44, 251, 50, 447, 54, 1, 60, 491,
1, 342, 1, 398, 5, 75, 10, 339, 15, 102, 20, 523, 25, 188, 30, 715, 35, 22, 41, 673, 45, 465, 50, 86, 55, 423,
0, 223, 1, 180, 1, 496, 1, 504, 1, 241, 1, 109, 1, 213, 1, 446, 1, 210, 15, 86, 20, 225, 25, 253, 30, 380, 35, 76, 43, 325, 49, 451, 56, 42, 63, 483,
1, 314, 1, 568, 3, 472, 6, 32, 9, 64, 12, 175, 15, 30, 18, 6, 21, 127, 24, 63, 27, 367, 30, 334, 33, 581, 36, 106, 39, 252, 42, 168, 45, 236,
1, 338, 1, 579, 1, 112, 1, 168, 1, 72, 9, 190, 12, 234, 15, 540, 18, 501, 21, 52, 24, 374, 27, 333, 30, 494, 33, 192, 36, 439, 41, 11, 46, 414, 51, 446,
1, 407, 1, 337, 4, 269, 8, 473, 12, 280, 16, 6, 20, 430, 24, 488, 28, 510, 32, 369, 36, 7, 40, 611, 44, 286, 48, 134, 52, 452,
0, 192, 1, 441, 1, 399, 1, 471, 1, 446, 1, 86, 1, 479, 12, 314, 16, 38, 20, 493, 24, 506, 28, 505, 34, 428, 40, 87, 46, 423, 52, 114, 58, 76, 64, 158,
1, 509, 1, 684, 5, 81, 10, 340, 15, 173, 20, 596, 25, 404, 30, 562, 35, 123, 40, 250, 45, 231, 50, 232, 55, 157, 60, 393, 65, 229,
1, 25, 1, 331, 5, 487, 8, 163, 12, 292, 15, 384, 19, 611, 22, 97, 26, 314, 29, 279, 33, 9, 36, 497, 40, 215, 43, 362, 47, 517, 50, 522,
0, 340, 1, 51, 1, 95, 1, 441, 1, 675, 5, 437, 8, 102, 12, 323, 15, 294, 19, 103, 22, 230, 26, 391, 29, 517, 34, 200, 38, 134, 43, 384, 47, 579, 52, 273, 56, 183,
1, 143, 3, 224, 7, 598, 11, 349, 13, 419, 17, 202, 21, 397, 23, 62, 27, 431, 31, 286, 33, 370, 37, 243, 41, 196, 43, 204, 47, 56, 51, 258, 53, 66,
0, 66, 1, 248, 1, 673, 1, 675, 1, 2, 1, 247, 1, 469, 3, 278, 7, 178, 11, 667, 13, 281, 17, 187, 21, 208, 23, 596, 27, 423, 31, 337, 33, 22, 39, 555, 45, 259, 49, 366, 55, 263, 61, 326, 65, 256,
1, 355, 1, 241, 4, 471, 7, 123, 12, 8, 15, 432, 18, 364, 21, 48, 26, 32, 29, 244, 32, 133, 37, 202, 40, 534, 43, 220, 46, 152, 48, 295,
0, 133, 1, 451, 1, 189, 1, 111, 1, 34, 1, 319, 4, 590, 7, 611, 12, 162, 15, 408, 18, 489, 21, 360, 26, 334, 29, 303, 32, 248, 37, 413, 40, 400, 46, 467, 52, 118, 57, 371,
1, 526, 1, 410, 4, 409, 8, 219, 12, 8, 16, 348, 20, 573, 24, 46, 28, 398, 32, 33, 36, 413, 40, 417, 44, 463, 48, 423,
0, 534, 1, 673, 1, 36, 1, 351, 1, 59, 1, 97, 1, 438, 1, 513, 1, 120, 1, 178, 1, 60, 1, 583, 1, 369, 1, 80, 1, 237, 1, 494, 1, 272, 1, 361, 1, 442,
1, 78, 1, 495, 4, 241, 8, 69, 12, 791, 16, 521, 20, 395, 24, 243, 28, 668, 32, 7, 36, 383, 40, 188, 44, 236, 48, 91,
0, 113, 1, 135, 1, 249, 1, 213, 1, 350, 1, 314, 12, 679, 16, 694, 20, 209, 24, 452, 30, 175, 36, 325, 42, 388, 48, 396, 54, 112, 60, 620,
1, 589, 1, 566, 1, 61, 1, 388, 1, 611, 1, 421, 1, 463, 12, 168, 16, 330, 20, 282, 24, 458, 30, 473, 36, 208, 42, 394, 48, 521, 54, 29, 60, 305,
1, 791, 1, 19, 1, 103, 1, 189, 4, 36, 8, 347, 12, 225, 16, 227, 20, 230, 24, 344, 28, 212, 32, 488, 36, 294, 40, 120, 44, 383, 48, 667, 52, 585, 56, 12,
1, 158, 1, 31, 5, 147, 9, 272, 13, 64, 17, 195, 21, 226, 25, 480, 29, 583, 33, 225, 37, 304, 41, 309, 45, 323, 49, 67, 53, 524, 57, 135, 61, 495,
1, 407, 1, 214, 1, 305, 1, 35, 1, 326, 1, 389, 1, 605, 5, 438, 9, 464, 13, 78, 17, 414, 21, 338, 25, 514, 29, 16, 33, 242, 37, 130, 41, 80, 45, 365, 49, 684, 53, 367, 57, 201, 61, 111,
1, 102, 1, 463, 4, 470, 8, 8, 12, 268, 16, 402, 20, 433, 24, 133, 29, 55, 32, 337, 36, 14, 40, 264, 44, 391, 48, 486,
1, 380, 1, 97, 1, 251, 1, 367, 1, 61, 1, 92, 12, 226, 16, 397, 20, 336, 24, 114, 31, 60, 36, 111, 42, 108, 48, 406, 54, 399, 60, 64,
1, 417, 1, 311, 4, 94, 6, 227, 9, 459, 11, 31, 13, 502, 16, 189, 20, 442, 22, 460, 26, 209, 29, 234, 34, 399, 37, 410, 41, 109, 46, 78, 48, 360,
1, 399, 1, 412, 1, 129, 1, 62, 4, 694, 6, 33, 9, 118, 11, 776, 13, 336, 16, 565, 20, 195, 22, 505, 26, 413, 29, 365, 36, 121, 41, 372, 47, 598, 54, 240, 58, 247,
1, 80, 1, 62, 5, 59, 10, 162, 15, 294, 20, 172, 25, 374, 30, 248, 35, 45, 40, 409, 45, 8, 50, 472, 55, 109,
0, 206, 1, 542, 1, 479, 1, 122, 1, 35, 1, 46, 1, 418, 1, 343, 1, 174, 1, 143, 1, 55, 1, 409, 1, 272, 1, 368, 1, 295, 1, 555, 1, 152, 1, 337, 1, 347,
1, 360, 1, 208, 4, 115, 8, 436, 12, 526, 16, 242, 20, 11, 24, 204, 29, 189, 32, 413, 36, 521, 40, 73, 44, 493, 48, 48,
1, 379, 1, 707, 1, 259, 1, 211, 12, 335, 16, 71, 20, 29, 24, 192, 31, 106, 36, 330, 42, 416, 48, 91, 54, 524, 60, 605,
0, 23, 1, 433, 1, 715, 1, 564, 1, 398, 1, 454, 1, 333, 1, 438, 4, 178, 8, 196, 12, 401, 16, 59, 21, 579, 24, 431, 28, 188, 32, 209, 36, 190, 40, 198, 44, 468,
0, 124, 1, 166, 1, 208, 1, 452, 1, 523, 1, 573, 1, 154, 1, 332, 1, 509, 4, 92, 8, 236, 12, 162, 16, 161, 21, 618, 24, 605, 24, 115, 24, 334, 28, 575, 32, 14, 36, 432, 40, 203, 44, 379,
1, 2, 1, 73, 6, 487, 12, 117, 18, 368, 24, 343, 30, 278, 36, 339, 42, 205, 48, 230, 54, 451, 60, 202,
1, 442, 1, 64, 4, 84, 8, 332, 12, 791, 16, 189, 20, 112, 24, 69, 28, 420, 32, 524, 36, 94, 40, 203, 44, 351, 48, 566, 52, 347,
0, 399, 1, 439, 1, 215, 1, 583, 1, 672, 1, 390, 1, 9, 12, 57, 16, 234, 20, 121, 24, 331, 28, 460, 32, 177, 38, 344, 44, 34, 50, 428, 56, 418, 62, 102,
1, 21, 1, 374, 5, 117, 10, 503, 15, 147, 20, 480, 25, 214, 30, 390, 35, 355, 40, 305, 45, 143, 50, 423, 55, 130, 60, 433,
0, 595, 1, 245, 1, 43, 1, 126, 1, 291, 1, 170, 15, 113, 20, 37, 25, 296, 30, 58, 35, 24, 40, 435, 47, 465, 54, 529, 61, 163, 68, 555,
1, 389, 1, 204, 1, 565, 1, 212, 1, 24, 1, 488, 1, 20, 1, 76, 4, 439, 8, 580, 12, 336, 16, 241, 20, 414, 24, 341, 28, 262, 32, 284, 36, 482, 40, 238, 44, 98, 48, 43, 52, 395,
1, 486, 1, 160, 4, 186, 8, 512, 12, 92, 16, 177, 20, 451, 24, 309, 28, 406, 32, 89, 36, 345, 40, 137, 44, 178, 48, 85, 52, 540, 56, 361,
1, 85, 1, 579, 4, 198, 8, 484, 12, 608, 16, 345, 20, 332, 24, 56, 28, 493, 32, 98, 36, 278, 40, 467, 44, 455, 48, 63, 52, 277,
1, 89, 1, 239, 5, 344, 10, 438, 15, 476, 20, 130, 25, 254, 30, 30, 35, 36, 40, 74, 45, 396, 50, 83, 55, 447,
1, 154, 1, 252, 1, 521, 1, 523, 15, 288, 20, 595, 25, 219, 30, 70, 37, 51, 44, 107, 51, 92, 58, 258, 65, 34,
1, 414, 1, 98, 5, 107, 10, 24, 15, 343, 20, 249, 25, 230, 30, 286, 35, 489, 40, 253, 45, 46, 50, 416,
1, 605, 1, 479, 1, 14, 1, 540, 15, 311, 20, 374, 25, 604, 30, 555, 37, 112, 44, 54, 51, 247, 58, 36,
1, 667, 1, 540, 4, 425, 8, 139, 12, 68, 16, 430, 20, 112, 24, 171, 28, 468, 32, 273, 36, 280, 40, 71, 44, 50, 48, 15, 52, 347, 56, 259,
1, 276, 1, 14, 1, 79, 1, 247, 1, 517, 1, 599, 1, 259, 1, 460, 1, 524, 1, 509, 1, 612, 1, 45, 1, 577, 1, 176, 1, 126, 1, 513,
1, 244, 1, 542, 1, 314, 1, 127, 1, 353, 1, 497, 1, 526, 1, 596, 12, 365, 16, 208, 20, 236, 24, 246, 28, 10, 32, 437, 36, 436, 36, 151, 36, 484, 40, 28, 44, 410, 48, 564, 52, 157,
1, 16, 1, 387, 4, 369, 8, 194, 12, 45, 16, 315, 20, 39, 24, 421, 28, 238, 32, 76, 36, 580, 40, 694, 44, 19, 48, 148,
1, 251, 1, 33, 1, 385, 1, 172, 1, 351, 12, 153, 16, 184, 20, 410, 24, 8, 28, 494, 34, 430, 40, 116, 46, 441, 52, 611, 58, 72,
1, 142, 1, 486, 1, 291, 1, 208, 12, 113, 16, 75, 20, 143, 24, 86, 28, 88, 34, 451, 40, 497, 46, 12, 52, 448, 58, 586, 64, 130,
1, 209, 1, 403, 1, 776, 1, 398, 12, 487, 16, 619, 20, 455, 24, 107, 28, 89, 34, 486, 40, 174, 46, 186, 52, 72, 58, 343, 64, 361,
1, 409, 1, 76, 4, 384, 8, 572, 12, 77, 16, 109, 20, 166, 24, 215, 28, 476, 32, 309, 36, 444, 40, 340, 44, 514, 48, 10, 52, 684,
1, 153, 1, 51, 5, 121, 10, 454, 15, 232, 20, 63, 25, 183, 30, 522, 35, 328, 40, 529, 45, 167, 50, 439, 55, 540, 60, 430,
1, 258, 15, 114, 25, 194,
0, 68, 1, 585, 1, 461, 1, 490, 1, 303, 1, 86, 1, 314, 4, 168, 8, 305, 12, 319, 16, 123, 21, 715, 24, 60, 28, 510, 32, 489, 36, 57, 40, 242, 44, 618, 48, 59, 52, 341,
1, 5, 1, 459, 5, 406, 10, 503, 15, 497, 20, 43, 25, 667, 30, 24, 35, 134, 40, 509, 45, 108, 50, 194, 55, 67, 60, 506, 65, 268,
1, 463,
1, 59, 1, 344, 1, 117, 1, 35, 1, 432, 5, 447, 10, 372, 15, 60, 20, 92, 25, 336, 30, 437, 35, 72, 40, 590, 45, 341, 50, 67, 55, 457,
0, 538, 1, 361, 1, 239, 1, 325, 1, 562, 1, 365, 1, 97, 1, 113, 1, 417, 1, 163, 1, 303, 1, 221, 1, 583, 1, 479, 5, 106, 10, 34, 15, 269, 20, 143, 25, 272, 30, 304, 35, 231, 40, 415, 45, 84, 50, 465, 55, 73,
0, 536, 1, 497, 1, 434, 1, 97, 1, 194, 1, 122, 1, 60, 1, 369, 1, 42, 1, 522, 1, 252, 1, 19, 1, 241, 1, 486, 5, 190, 10, 573, 15, 432, 20, 18, 25, 583, 30, 155, 35, 510, 40, 204, 45, 412, 50, 439, 55, 127,
0, 394, 1, 436, 1, 536, 1, 279, 1, 276, 1, 447, 1, 29, 1, 340, 1, 414, 1, 417, 1, 100, 1, 457, 1, 81, 5, 129, 10, 112, 15, 223, 20, 177, 25, 234, 30, 87, 35, 427, 40, 435, 45, 127, 50, 242, 55, 608,
1, 314, 1, 319, 5, 138, 10, 307, 15, 436, 20, 126, 25, 200, 30, 176, 35, 303, 40, 94, 45, 340, 50, 202, 55, 384, 60, 682,
1, 22, 1, 354, 5, 452, 10, 448, 15, 269, 20, 25, 25, 583, 30, 16, 35, 225, 41, 158, 45, 20, 50, 221, 55, 326, 60, 305,
0, 345, 1, 538, 1, 95, 1, 319, 1, 210, 1, 583, 15, 258, 20, 227, 25, 241, 30, 329, 35, 365, 43, 597, 49, 191, 56, 452, 63, 448, 70, 395,
1, 506, 1, 195, 5, 135, 10, 379, 15, 369, 20, 304, 25, 478, 30, 335, 35, 260, 41, 339, 45, 176, 50, 360, 55, 225, 60, 77,
0, 309, 1, 313, 1, 517, 1, 598, 1, 156, 1, 385, 1, 334, 1, 416, 15, 62, 20, 379, 25, 325, 30, 458, 35, 469, 43, 496, 49, 454, 56, 15, 63, 21, 70, 480,
1, 43, 1, 304, 5, 510, 10, 612, 15, 112, 20, 525, 25, 575, 30, 277, 35, 204, 40, 458, 45, 348, 50, 214, 55, 78, 60, 162,
1, 361, 1, 253, 1, 365, 1, 428, 1, 458, 1, 609, 1, 319, 1, 604, 1, 224, 1, 493, 1, 170, 1, 420, 1, 480, 12, 201, 16, 308, 20, 141, 20, 375, 20, 425, 24, 528, 28, 38, 32, 482, 36, 112, 40, 74, 44, 673, 48, 335, 52, 166, 56, 92,
1, 137, 1, 367, 5, 321, 10, 148, 15, 673, 20, 423, 25, 379, 30, 496, 35, 383, 40, 76, 45, 394, 50, 667, 55, 345, 60, 280, 65, 247, 70, 415,
1, 165, 1, 684, 5, 602, 10, 525, 15, 504, 20, 247, 25, 121, 30, 439, 35, 109, 40, 442, 45, 503, 50, 314, 55, 28, 60, 200, 65, 76, 70, 463,
1, 307, 1, 416, 5, 356, 10, 493, 15, 430, 20, 195, 25, 296, 30, 275, 35, 529, 40, 465, 45, 506, 50, 474, 55, 619, 60, 538, 65, 336, 70, 479,
1, 101, 1, 160, 5, 215, 10, 672, 15, 433, 20, 279, 25, 611, 31, 245, 35, 93, 40, 330, 45, 173, 50, 226, 55, 180, 60, 583,
1, 451, 1, 31, 1, 165, 1, 407, 15, 294, 20, 123, 25, 453, 33, 86, 39, 248, 46, 253, 53, 25, 60, 397, 67, 225, 74, 375,
0, 237, 1, 273, 1, 91, 1, 502, 1, 362, 1, 288, 1, 444, 1, 345, 1, 579, 1, 25, 1, 165, 15, 87, 20, 385, 25, 143, 33, 437, 39, 331, 46, 102, 53, 564, 62, 100, 41, 286, 80, 241,
1, 57, 1, 440, 1, 31, 1, 288, 1, 177, 8, 425, 16, 227, 24, 83, 32, 332, 40, 369, 48, 389, 56, 496, 56, 286, 64, 92, 72, 333, 80, 564, 88, 328,
1, 190, 1, 91, 10, 611, 20, 410, 30, 415, 40, 348, 50, 468, 60, 39, 70, 5, 80, 72, 90, 249, 100, 612,
1, 667, 1, 122, 6, 307, 9, 344, 12, 337, 17, 286, 20, 419, 23, 36, 28, 342, 31, 258, 34, 110, 39, 6, 42, 502, 45, 393,
1, 190, 1, 331, 1, 573, 1, 356, 6, 335, 9, 502, 12, 410, 18, 448, 22, 525, 26, 534, 32, 555, 36, 427, 40, 173, 46, 258, 50, 465, 54, 127,
0, 351, 1, 355, 1, 178, 1, 261, 1, 431, 1, 577, 1, 682, 6, 239, 9, 135, 12, 332, 18, 319, 22, 599, 26, 109, 34, 707, 40, 673, 46, 77, 54, 263, 60, 114, 66, 465, 70, 356,
1, 37, 1, 502, 6, 134, 10, 258, 13, 122, 19, 46, 22, 282, 28, 521, 31, 367, 37, 199, 40, 345, 46, 473, 49, 562, 55, 332, 58, 372, 64, 393,
1, 791, 1, 586, 1, 11, 6, 261, 10, 464, 13, 542, 20, 253, 24, 707, 31, 86, 35, 275, 42, 366, 46, 94, 53, 6, 57, 124, 64, 83, 68, 142, 75, 618,
1, 16, 1, 192, 1, 284, 1, 345, 1, 522, 1, 309, 1, 178, 6, 73, 10, 542, 13, 43, 20, 220, 24, 370, 31, 255, 35, 163, 43, 25, 48, 556, 56, 454, 61, 360, 69, 304, 74, 339, 82, 109,
1, 254, 1, 239, 6, 273, 8, 451, 13, 454, 15, 707, 20, 583, 22, 497, 27, 406, 29, 203, 34, 53, 36, 224, 41, 425, 43, 69, 48, 288, 50, 364,
1, 457, 1, 158, 1, 165, 6, 694, 8, 314, 13, 675, 15, 529, 21, 542, 24, 43, 30, 472, 33, 210, 39, 106, 42, 329, 48, 157, 51, 486, 57, 129, 60, 365,
1, 303, 1, 272, 1, 248, 1, 321, 1, 673, 6, 525, 8, 503, 13, 194, 15, 579, 21, 512, 24, 110, 32, 32, 37, 470, 45, 19, 50, 188, 58, 538, 63, 255, 71, 93, 76, 195,
1, 341, 1, 450, 4, 16, 7, 113, 13, 168, 16, 173, 19, 176, 25, 204, 28, 77, 31, 286, 36, 405, 39, 529, 42, 501, 47, 568,
0, 667, 1, 118, 1, 297, 1, 312, 1, 398, 1, 421, 1, 257, 4, 611, 7, 776, 13, 225, 17, 517, 21, 599, 28, 24, 32, 447, 36, 575, 42, 341, 46, 530, 50, 83, 56, 385,
1, 597, 1, 67, 3, 70, 6, 273, 9, 148, 12, 12, 15, 55, 18, 198, 21, 181, 24, 482, 27, 580, 30, 349, 33, 75, 36, 530, 39, 232,
1, 509, 1, 129, 1, 45, 1, 791, 1, 147, 9, 279, 12, 364, 15, 239, 18, 422, 23, 501, 28, 473, 33, 195, 38, 425, 43, 436, 48, 46, 53, 264,
1, 349, 5, 342, 8, 212, 12, 70, 12, 366, 12, 254, 15, 81, 19, 279, 22, 37, 26, 283, 29, 568, 33, 408, 36, 270, 40, 60,
1, 270, 1, 473, 1, 370, 5, 467, 8, 177, 12, 355, 12, 33, 12, 64, 15, 189, 20, 449, 24, 596, 29, 95, 33, 68, 38, 597, 42, 139, 47, 620,
1, 473, 1, 28, 5, 253, 8, 525, 12, 245, 15, 277, 19, 171, 22, 503, 26, 297, 29, 199, 33, 440, 36, 230, 40, 542, 43, 170, 47, 604, 50, 475, 54, 36,
0, 138, 1, 152, 1, 515, 1, 50, 1, 248, 1, 72, 1, 1, 1, 342, 1, 213, 5, 401, 8, 71, 12, 278, 15, 478, 19, 242, 23, 399, 28, 383, 32, 523, 37, 589, 41, 118, 46, 134, 50, 348, 55, 151, 58, 292, 63, 599,
0, 142, 1, 413, 1, 90, 1, 197, 1, 87, 1, 14, 1, 556, 1, 574, 1, 392, 15, 244, 20, 295, 27, 33, 34, 240, 41, 367, 48, 611, 55, 247, 62, 83, 69, 368,
1, 467, 1, 152, 4, 241, 8, 411, 12, 165, 16, 230, 20, 524, 24, 598, 28, 276, 32, 207, 36, 126, 40, 281, 44, 432,
0, 509, 0, 352, 0, 280, 1, 458, 1, 233, 1, 715, 1, 207, 1, 220, 1, 12, 1, 135, 1, 246, 12, 435, 16, 307, 20, 29, 24, 167, 30, 585, 36, 353, 42, 564, 48, 111, 54, 238,
1, 579, 1, 494, 4, 397, 8, 23, 12, 285, 16, 461, 20, 177,
1, 526, 1, 141, 1, 188, 4, 314, 8, 589, 12, 155, 16, 461, 20, 129,
1, 161, 1, 505, 1, 408, 4, 668, 8, 673, 12, 776, 16, 258, 20, 240,
1, 476, 1, 14, 4, 371, 8, 464, 12, 135, 16, 92, 20, 479, 24, 457, 28, 401, 32, 5, 36, 430, 40, 208, 44, 0, 48, 694, 52, 256,
0, 414, 1, 272, 1, 303, 1, 672, 1, 85, 1, 179, 12, 207, 16, 105, 20, 330, 24, 78, 28, 478, 32, 474, 36, 104, 40, 7, 44, 422, 48, 579, 52, 482,
1, 230, 1, 0, 5, 356, 10, 308, 15, 192, 20, 238, 26, 590, 30, 291, 35, 313, 35, 423, 40, 156, 45, 47,
0, 62, 1, 337, 1, 442, 1, 348, 1, 579, 1, 199, 1, 255, 15, 351, 20, 286, 28, 326, 34, 312, 34, 261, 41, 219, 48, 584, 55, 411,
1, 114, 1, 170, 4, 68, 8, 337, 11, 117, 15, 42, 18, 260, 22, 95, 25, 670, 29, 427, 32, 255, 36, 52, 39, 521, 43, 374, 46, 104,
1, 506, 1, 434, 1, 95, 1, 134, 4, 312, 8, 252, 11, 682, 16, 151, 20, 246, 25, 562, 29, 52, 34, 139, 38, 97, 43, 69, 47, 204, 52, 469, 56, 427,
0, 411, 1, 599, 1, 340, 1, 369, 1, 163, 1, 450, 1, 100, 1, 455, 1, 184, 1, 672, 4, 91, 8, 264, 11, 177, 16, 6, 20, 206, 25, 418, 29, 34, 35, 253, 40, 303, 46, 342, 51, 464, 57, 203, 62, 36, 65, 160,
0, 186, 1, 45, 1, 319, 1, 460, 1, 237, 1, 189, 1, 347, 1, 620, 1, 22, 1, 433, 1, 400, 1, 351, 1, 219, 1, 476, 1, 462, 1, 392, 1, 89,
1, 139, 1, 209, 1, 618, 1, 230, 1, 270, 1, 45, 1, 104, 6, 101, 9, 70, 12, 385, 15, 134, 19, 524, 21, 59, 24, 367, 27, 419, 30, 480, 33, 241, 36, 39,
1, 156, 1, 337, 1, 280, 1, 348, 1, 139, 1, 478, 1, 313, 6, 436, 9, 213, 12, 538, 15, 37, 21, 160, 25, 371, 30, 392, 35, 515, 40, 255, 45, 380, 50, 194,
0, 299, 1, 542, 1, 107, 1, 504, 1, 303, 1, 214, 1, 474, 1, 95, 1, 482, 12, 411, 16, 64, 20, 258, 24, 356, 28, 112, 32, 127, 36, 398, 40, 512, 44, 217, 48, 502,
0, 182, 1, 248, 1, 440, 1, 161, 1, 275, 1, 325, 1, 420, 1, 311, 1, 255, 1, 225, 1, 362, 1, 556, 1, 673, 1, 176, 1, 231, 1, 84,
1, 517, 1, 366, 4, 215, 6, 148, 8, 116, 10, 383, 12, 24, 14, 455, 16, 340, 19, 294, 22, 172, 25, 372, 28, 279, 31, 487, 34, 283, 37, 270, 40, 204, 43, 245, 46, 255, 49, 278,
1, 39, 1, 540, 1, 67, 1, 257, 4, 278, 6, 161, 8, 433, 10, 374, 12, 98, 14, 226, 16, 384, 20, 335, 24, 406, 28, 492, 32, 407, 36, 52, 40, 166, 44, 214, 48, 106, 52, 246, 56, 337, 60, 129,
1, 484, 1, 284, 1, 384, 1, 181, 4, 328, 6, 208, 8, 492, 10, 143, 12, 330, 14, 461, 16, 776, 20, 517, 24, 139, 29, 21, 34, 242, 39, 224, 44, 124, 49, 526, 54, 95, 59, 294, 64, 339, 69, 521,
1, 255, 1, 191, 4, 187, 8, 184, 11, 372, 15, 470, 18, 11, 22, 42, 25, 247, 29, 522, 32, 442, 36, 505, 39, 279, 43, 229,
1, 167, 1, 329, 4, 609, 7, 449, 10, 74, 13, 423, 16, 215, 19, 526, 22, 692, 25, 343, 28, 668, 34, 243, 37, 266, 40, 355, 43, 240,
1, 105, 1, 285, 1, 40, 1, 225, 1, 0, 1, 35, 1, 619, 4, 349, 7, 294, 10, 75, 13, 256, 16, 390, 19, 174, 22, 191, 25, 195, 28, 353, 34, 441, 37, 505, 40, 583, 43, 360, 50, 242,
1, 409, 1, 609, 6, 121, 11, 236, 14, 25, 17, 512, 22, 239, 27, 387, 30, 7, 33, 415, 38, 296, 43, 142, 46, 675, 49, 189, 54, 283, 57, 490,
1, 509, 1, 40, 4, 264, 8, 158, 12, 437, 12, 194, 16, 528, 21, 191, 24, 174, 28, 336, 32, 460, 36, 81, 40, 230,
1, 344, 1, 509, 1, 526, 1, 29, 12, 415, 12, 138, 16, 362, 23, 114, 28, 89, 34, 464, 40, 17, 46, 85, 52, 491,
0, 152, 1, 15, 1, 389, 1, 409, 1, 9, 1, 602, 1, 251, 1, 10, 1, 470, 1, 296, 1, 538, 1, 493, 1, 332, 5, 225, 10, 410, 15, 317, 20, 668, 25, 85, 30, 397, 35, 91, 40, 261, 45, 189, 50, 50, 55, 684,
0, 87, 1, 342, 1, 184, 1, 1, 1, 234, 1, 37, 1, 314, 1, 383, 1, 483, 1, 408, 1, 175, 1, 220, 1, 229, 1, 52, 1, 462, 5, 436, 10, 195, 15, 450, 20, 54, 25, 192, 30, 384, 35, 479, 40, 113, 45, 399, 50, 236, 55, 595,
1, 439, 1, 467, 5, 134, 11, 564, 15, 29, 21, 608, 25, 416, 31, 281, 35, 288, 41, 509, 45, 505, 50, 433, 55, 333, 61, 116, 65, 454,
1, 12, 1, 500, 1, 442, 1, 534, 1, 166, 1, 186, 1, 440, 9, 679, 12, 288, 15, 122, 18, 367, 21, 40, 24, 43, 27, 495, 30, 388, 33, 538, 36, 176, 39, 452, 42, 98, 45, 202,
1, 333, 1, 24, 5, 418, 10, 528, 14, 284, 19, 212, 23, 555, 28, 344, 32, 337, 37, 294, 41, 457, 46, 44, 50, 335, 55, 439,
1, 215,
0, 21, 0, 44, 0, 440, 0, 284, 1, 251, 1, 6, 1, 364, 1, 77, 1, 288, 1, 612, 1, 130, 1, 282,
1, 479, 1, 100, 1, 438, 1, 469, 1, 427, 5, 59, 10, 367, 14, 504, 19, 47, 23, 232, 28, 670, 32, 11, 37, 80, 41, 184, 46, 340, 50, 294,
1, 538, 1, 266, 6, 21, 9, 24, 12, 60, 17, 345, 20, 283, 23, 172, 28, 469, 31, 115, 34, 86, 39, 161, 42, 330, 45, 238,
0, 436, 1, 198, 1, 420, 1, 415, 1, 288, 1, 337, 1, 306, 1, 268, 1, 388, 1, 401, 6, 476, 9, 188, 12, 194, 17, 217, 20, 684, 23, 6, 28, 791, 32, 69, 36, 404, 42, 451, 46, 126, 50, 521, 56, 396, 60, 312, 64, 170,
1, 439, 1, 389, 4, 579, 8, 499, 12, 398, 16, 513, 20, 329, 24, 399, 28, 385, 32, 343, 36, 45, 40, 501, 44, 42, 48, 330, 52, 275, 56, 351,
1, 352, 4, 364, 7, 155, 10, 584, 13, 460, 16, 425, 19, 480, 22, 488, 27, 189, 30, 568, 35, 523, 40, 479, 45, 379, 50, 422, 55, 136,
1, 447, 1, 281, 1, 351, 1, 384, 1, 348, 1, 509, 1, 6, 1, 577, 1, 568, 4, 618, 8, 104, 12, 12, 16, 496, 20, 344, 24, 595, 28, 80, 32, 108, 36, 306, 40, 394, 44, 272, 48, 277, 52, 241, 56, 138, 60, 117,
1, 45, 1, 530, 1, 214, 1, 488, 1, 113, 1, 195, 1, 30, 7, 462, 13, 247, 19, 460, 25, 105, 31, 138, 37, 263, 43, 243, 49, 371,
1, 776, 1, 595, 1, 612, 1, 234, 1, 199, 1, 409, 1, 384, 1, 122, 7, 254, 13, 281, 19, 331, 27, 63, 35, 489, 43, 81, 51, 430, 59, 195, 67, 581,
1, 503, 1, 540, 4, 227, 8, 110, 12, 151, 16, 431, 20, 108, 24, 83, 28, 668, 32, 264, 36, 494, 40, 196, 44, 124, 44, 262, 48, 420, 52, 436, 56, 18, 60, 237, 66, 121,
0, 509, 1, 684, 1, 408, 1, 581, 1, 107, 1, 78, 1, 171, 1, 277, 1, 598, 12, 401, 16, 355, 20, 446, 24, 261, 28, 467, 32, 162, 36, 489, 40, 151, 44, 163, 48, 423,
1, 449, 1, 417, 5, 495, 10, 233, 15, 791, 20, 331, 25, 672, 30, 206, 35, 234, 35, 435, 40, 282, 45, 403, 50, 432, 55, 225, 60, 418, 65, 668,
1, 581, 1, 31, 5, 34, 10, 200, 15, 270, 20, 403, 25, 171, 30, 71, 35, 10, 40, 421, 45, 611, 50, 272, 55, 538, 60, 304,
1, 313, 1, 64, 6, 452, 12, 506, 18, 462, 24, 135, 30, 111, 36, 319, 42, 411, 48, 224, 54, 214, 60, 402,
1, 227, 1, 138, 1, 336, 1, 212, 1, 297, 1, 64, 8, 446, 15, 90, 22, 455, 25, 388, 29, 127, 36, 249, 43, 108, 43, 482, 50, 214, 57, 399,
1, 188, 1, 332, 1, 28, 1, 134, 1, 442, 1, 32, 1, 375, 1, 362, 1, 395, 8, 380, 15, 542, 22, 225, 25, 536, 29, 611, 38, 684, 47, 597, 49, 365, 58, 534, 67, 52,
1, 291, 1, 55, 6, 261, 8, 123, 13, 174, 15, 619, 20, 155, 22, 370, 29, 383, 34, 51, 36, 252, 41, 279, 43, 143, 48, 493, 50, 490,
0, 127, 1, 95, 1, 70, 1, 397, 1, 589, 1, 413, 1, 599, 6, 483, 8, 307, 13, 555, 15, 339, 20, 496, 22, 336, 29, 19, 34, 6, 36, 387, 43, 90, 47, 524, 54, 16, 58, 57,
1, 344, 1, 308, 5, 362, 10, 75, 15, 237, 20, 432, 25, 123, 30, 76, 35, 589, 40, 424, 45, 427, 50, 221,
0, 440, 1, 611, 1, 106, 1, 108, 1, 181, 1, 50, 1, 166, 15, 247, 20, 436, 25, 538, 30, 444, 37, 524, 44, 238, 51, 208, 58, 572, 65, 292,
1, 232, 1, 416, 5, 305, 10, 118, 15, 68, 20, 291, 25, 580, 30, 276, 35, 577, 40, 235, 45, 434, 50, 470, 55, 92,
1, 406, 1, 510, 4, 275, 8, 15, 12, 399, 16, 40, 20, 50, 24, 134, 28, 675, 32, 30, 36, 189, 40, 215, 44, 71,
0, 390, 1, 157, 1, 78, 1, 501, 1, 79, 1, 392, 1, 694, 1, 401, 1, 188, 12, 469, 16, 270, 20, 20, 24, 48, 30, 517, 36, 577, 42, 529, 48, 182, 54, 503,
1, 178, 25, 361,
1, 536, 1, 405, 1, 330, 1, 180, 1, 425, 1, 356, 1, 93, 12, 161, 16, 522, 20, 542, 24, 9, 28, 692, 32, 59, 36, 379, 40, 608, 44, 92, 48, 286,
1, 393, 1, 59, 4, 442, 8, 353, 12, 28, 16, 69, 20, 512, 24, 303, 28, 314, 32, 129, 36, 500, 40, 530, 44, 205, 48, 254, 52, 472,
1, 248, 1, 306, 4, 217, 8, 344, 13, 336, 16, 48, 20, 595, 25, 707, 28, 91, 32, 562, 37, 388, 40, 273, 44, 433, 49, 446, 52, 278, 56, 153,
1, 68, 1, 292, 1, 428, 1, 315, 1, 409, 4, 214, 8, 56, 13, 215, 16, 566, 20, 15, 26, 108, 30, 48, 35, 463, 41, 509, 45, 115, 50, 540, 56, 525, 60, 575, 65, 455,
1, 506, 1, 334, 1, 604, 1, 586, 1, 15, 1, 147, 15, 361, 20, 111, 25, 89, 30, 673, 37, 583, 44, 495, 51, 692, 58, 562, 65, 776,
1, 16, 1, 37, 1, 198, 6, 354, 10, 194, 15, 148, 19, 244, 24, 345, 28, 453, 33, 565, 37, 573, 42, 328,
0, 231, 1, 260, 1, 453, 1, 349, 1, 574, 1, 398, 1, 174, 1, 437, 1, 284, 1, 292, 1, 262, 1, 257, 1, 11, 1, 468, 1, 529, 6, 167, 10, 15, 15, 351, 19, 299, 24, 258, 30, 210, 37, 492, 43, 109, 50, 369,
1, 555, 1, 137, 1, 408, 1, 505, 1, 411, 15, 412, 20, 7, 25, 167, 30, 341, 35, 22, 40, 486, 45, 447, 50, 564, 55, 400, 60, 462, 65, 590,
1, 672, 3, 408, 7, 74, 10, 329, 13, 513, 16, 256, 21, 266, 23, 577, 27, 399, 33, 202, 38, 248, 43, 45, 49, 292, 50, 354, 55, 264,
1, 458, 11, 589, 21, 351, 31, 679, 41, 392, 51, 496, 61, 161, 71, 463, 81, 54, 91, 350,
1, 277, 1, 304, 1, 679, 1, 524,
0, 76, 1, 182, 1, 217, 1, 280, 1, 71, 1, 425, 1, 124, 1, 43, 4, 226, 8, 9, 12, 692, 16, 530, 21, 394, 21, 5, 24, 366, 28, 409, 32, 178, 36, 341, 40, 184, 44, 489,
1, 237, 1, 430, 4, 451, 8, 134, 12, 270, 16, 211, 20, 589, 24, 465, 28, 264, 32, 495, 36, 418, 40, 439, 44, 179, 48, 79,
1, 452, 1, 412, 4, 122, 8, 45, 12, 44, 16, 410, 20, 170, 24, 275, 28, 166, 32, 251, 36, 141, 40, 255, 44, 40, 48, 137,
1, 414, 1, 176, 4, 595, 8, 134, 12, 201, 16, 303, 20, 107, 24, 141, 28, 605, 32, 137, 36, 525, 40, 51, 44, 245, 48, 14,
1, 618, 1, 276, 5, 534, 10, 605, 15, 163, 20, 387, 25, 152, 30, 100, 35, 598, 40, 292, 45, 330, 50, 266, 55, 502,
1, 249, 1, 564, 1, 311, 1, 232, 1, 427, 1, 68, 1, 266, 1, 109, 4, 380, 8, 679, 12, 257, 16, 478, 20, 403, 24, 155, 28, 620, 32, 106, 36, 326, 40, 7, 44, 136, 48, 262, 52, 242,
1, 245, 1, 296, 1, 325, 1, 341, 1, 156, 6, 524, 12, 73, 18, 682, 24, 194, 30, 226, 36, 446, 42, 374, 48, 434, 54, 369, 60, 225, 66, 92, 72, 317, 78, 421,
1, 454, 1, 360, 1, 175, 1, 473, 1, 36, 1, 305, 6, 317, 12, 263, 18, 71, 24, 91, 30, 210, 36, 223, 42, 137, 48, 308, 54, 134, 60, 434, 66, 202, 72, 515, 78, 24,
1, 181, 1, 403, 1, 7, 1, 326, 1, 270, 1, 285, 6, 500, 12, 450, 18, 263, 24, 333, 30, 515, 36, 124, 42, 423, 48, 457, 54, 505, 60, 479, 66, 418, 72, 75, 78, 62,
1, 239, 1, 256, 3, 91, 6, 173, 9, 354, 12, 399, 15, 710, 18, 313, 21, 54, 24, 303, 27, 312, 31, 359, 33, 190, 36, 53, 39, 67, 42, 487,
0, 8, 1, 521, 1, 203, 1, 461, 1, 154, 1, 288, 9, 231, 12, 259, 15, 174, 18, 178, 21, 609, 24, 217, 27, 487, 33, 161, 37, 230, 42, 107, 47, 98, 52, 465,
1, 434, 1, 80, 1, 242, 1, 210, 1, 538, 1, 310, 1, 78, 1, 229, 9, 239, 12, 220, 15, 172, 18, 114, 21, 194, 24, 374, 27, 599, 33, 446, 37, 352, 42, 63, 47, 240, 52, 165, 59, 682,
1, 105, 1, 359, 1, 319, 1, 540, 1, 365, 9, 15, 18, 249, 27, 272, 36, 61, 45, 338, 54, 330, 63, 682, 72, 263, 81, 269, 90, 418,
1, 281, 1, 670, 1, 489, 1, 424, 9, 448, 18, 278, 27, 402, 36, 101, 45, 398, 54, 331, 63, 338, 72, 57, 81, 201, 90, 231, 99, 108,
1, 584, 1, 496, 10, 595, 20, 8, 30, 80, 40, 0, 50, 405, 60, 366, 70, 314, 80, 127, 90, 574, 100, 672,
1, 403, 1, 232, 3, 277, 6, 618, 9, 585, 12, 16, 15, 201, 18, 50, 21, 167, 24, 506, 27, 390, 30, 74, 33, 367, 36, 14, 39, 55,
1, 322, 1, 611, 1, 207, 1, 366, 1, 410, 1, 48, 1, 306, 1, 341, 9, 224, 12, 534, 15, 483, 20, 7, 25, 403, 30, 575, 35, 236, 40, 562, 45, 232, 50, 1, 55, 292,
0, 50, 1, 350, 1, 528, 1, 210, 1, 303, 1, 1, 1, 273, 1, 345, 1, 312, 1, 24, 5, 80, 12, 337, 15, 264, 20, 77, 25, 322, 30, 422, 35, 568, 42, 25, 49, 319, 56, 491, 63, 34,
1, 380, 1, 776, 3, 366, 6, 474, 9, 406, 12, 103, 15, 53, 18, 668, 21, 672, 24, 449, 27, 58, 30, 134, 33, 242, 36, 251, 39, 434,
0, 391, 1, 294, 1, 29, 1, 529, 1, 408, 1, 349, 1, 572, 1, 555, 9, 488, 12, 344, 15, 338, 20, 618, 25, 253, 30, 252, 35, 454, 40, 329, 45, 461, 50, 556, 55, 248,
1, 58, 1, 157, 1, 112, 1, 333, 1, 584, 1, 203, 1, 529, 1, 101, 1, 223, 1, 197, 9, 415, 12, 76, 15, 2, 20, 51, 25, 396, 30, 449, 35, 32, 42, 188, 49, 45, 56, 195, 63, 244,
1, 420, 1, 39, 3, 503, 6, 499, 9, 51, 12, 232, 15, 204, 18, 208, 21, 460, 24, 24, 27, 463, 30, 284, 33, 329, 36, 474, 39, 454,
0, 404, 1, 390, 1, 22, 1, 307, 1, 133, 1, 1, 1, 277, 1, 170, 9, 707, 12, 478, 15, 78, 20, 428, 25, 200, 30, 493, 35, 286, 40, 181, 45, 123, 50, 612, 55, 276,
1, 134, 1, 323, 1, 319, 1, 344, 1, 36, 1, 106, 1, 586, 1, 509, 9, 90, 12, 64, 15, 202, 20, 308, 25, 525, 30, 583, 35, 510, 42, 534, 49, 400, 56, 5, 63, 512,
1, 496, 4, 692, 7, 219, 10, 427, 13, 47, 16, 187, 19, 30, 22, 303, 25, 112, 28, 484, 31, 391, 34, 528, 37, 433, 40, 330, 43, 472, 46, 434,
0, 350, 1, 411, 1, 120, 1, 292, 1, 225, 1, 338, 1, 442, 1, 491, 1, 440, 1, 400, 1, 84, 4, 389, 7, 200, 10, 118, 13, 452, 16, 48, 20, 278, 24, 521, 28, 69, 32, 281, 36, 178, 40, 529, 44, 160, 48, 172, 52, 579, 56, 418,
1, 273, 1, 408, 3, 78, 6, 261, 9, 31, 12, 120, 15, 484, 18, 194, 21, 428, 24, 364, 27, 53, 30, 451, 33, 69, 36, 2,
0, 298, 1, 243, 1, 499, 1, 283, 1, 53, 1, 423, 1, 355, 1, 475, 1, 247, 9, 61, 12, 434, 15, 256, 18, 540, 23, 564, 28, 383, 33, 307, 38, 416, 43, 65, 48, 506,
1, 272, 1, 459, 5, 453, 15, 470,
0, 55, 1, 462,
0, 362, 1, 127, 1, 611, 1, 81, 1, 435, 1, 412, 1, 54, 12, 58, 15, 151, 17, 61, 20, 596, 22, 538, 25, 438, 27, 421, 30, 219, 32, 280, 35, 53, 37, 462, 40, 494,
0, 330, 1, 392,
0, 260, 1, 380, 1, 32, 1, 489, 1, 410, 1, 412, 1, 605, 12, 54, 15, 230, 17, 110, 20, 253, 22, 161, 25, 141, 27, 565, 30, 134, 32, 14, 35, 309, 37, 85, 40, 157,
1, 77, 1, 296, 3, 372, 6, 278, 9, 590, 12, 244, 16, 68, 20, 398, 24, 11, 28, 79, 33, 364, 38, 455, 43, 256,
1, 256, 1, 347, 1, 513, 1, 375, 1, 142, 1, 438, 1, 479, 1, 212, 9, 258, 12, 180, 18, 157, 24, 405, 30, 51, 36, 88, 43, 339, 50, 79, 57, 406, 64, 236,
1, 361, 1, 35, 1, 192, 1, 104, 1, 337, 1, 276, 1, 201, 1, 153, 1, 264, 1, 160, 1, 528, 1, 369, 1, 480, 1, 326, 1, 55, 1, 80, 1, 241, 1, 524,
1, 522, 1, 285, 3, 514, 6, 428, 9, 262, 12, 194, 15, 608, 18, 266, 21, 137, 24, 80, 27, 176, 30, 213, 33, 270,
0, 489, 1, 31, 1, 153, 1, 497, 1, 210, 1, 248, 1, 486, 1, 2, 1, 273, 1, 444, 1, 372, 1, 492, 9, 474, 12, 366, 18, 226, 24, 64, 30, 365, 36, 602, 43, 453, 50, 263, 57, 387,
0, 88, 1, 304, 1, 538, 1, 93, 1, 90, 1, 684, 1, 542, 1, 371, 1, 482, 1, 25, 1, 66, 1, 428, 1, 202, 1, 526, 1, 213, 1, 448, 1, 73, 1, 241, 1, 44, 1, 170, 1, 413, 1, 331, 1, 223, 1, 306,
1, 40, 1, 313, 5, 227, 9, 341, 13, 176, 17, 668, 21, 345, 25, 577, 29, 2, 33, 299, 37, 224, 41, 197, 45, 332,
1, 329, 1, 278, 1, 64, 1, 448, 1, 90, 1, 130, 1, 574, 5, 234, 9, 272, 13, 210, 17, 2, 21, 406, 27, 236, 33, 230, 39, 609, 45, 444, 51, 190, 57, 81,
1, 258, 1, 312, 5, 204, 10, 124, 15, 261, 20, 487, 26, 296, 30, 56, 35, 98, 40, 595, 45, 400,
1, 319, 1, 562, 1, 584, 1, 361, 1, 424, 1, 181, 1, 694, 1, 122, 1, 524, 15, 250, 20, 237, 28, 282, 28, 54, 28, 173, 34, 470, 41, 435, 48, 608, 55, 45, 62, 59,
1, 268, 1, 510, 3, 225, 6, 334, 9, 69, 12, 181, 15, 299, 18, 123, 21, 471, 24, 337, 27, 439, 30, 120, 33, 115, 36, 194, 39, 329,
1, 79, 1, 175, 1, 776, 1, 403, 9, 136, 12, 255, 15, 163, 18, 269, 23, 457, 28, 444, 33, 499, 38, 292, 43, 66, 48, 105, 53, 28,
0, 361, 1, 286, 1, 453, 1, 540, 1, 387, 1, 334, 1, 194, 1, 120, 1, 285, 1, 226, 9, 401, 12, 483, 15, 585, 18, 410, 23, 430, 28, 136, 35, 478, 42, 506, 49, 339, 56, 715, 63, 75,
1, 165, 6, 263, 9, 462, 14, 134, 17, 414, 22, 430, 25, 512, 25, 24, 30, 219, 35, 503, 38, 282,
1, 152, 1, 668, 1, 589, 1, 280, 1, 581, 1, 231, 1, 400, 1, 195, 1, 60, 1, 408, 1, 233, 1, 174, 1, 387, 6, 260, 9, 534, 14, 9, 17, 257, 22, 182, 22, 542, 26, 421, 32, 579, 38, 151, 42, 35, 48, 383, 52, 264,
1, 311, 1, 296, 5, 280, 8, 283, 12, 262, 15, 107, 19, 224, 22, 319, 26, 151, 29, 25, 33, 479, 36, 231, 40, 469,
0, 135, 1, 523, 1, 500, 1, 177, 1, 120, 1, 425, 1, 5, 1, 209, 1, 476, 1, 104, 1, 397, 1, 453, 5, 80, 8, 538, 12, 347, 15, 298, 19, 167, 22, 321, 28, 345, 33, 694, 39, 715, 44, 111, 50, 273,
1, 225, 1, 166, 6, 393, 9, 6, 14, 308, 17, 127, 22, 52, 25, 98, 30, 400, 33, 565, 38, 430,
1, 299, 1, 584, 1, 365, 1, 451, 1, 246, 1, 204, 1, 434, 1, 203, 1, 439, 1, 109, 1, 411, 1, 347, 6, 29, 9, 235, 14, 141, 17, 418, 23, 249, 27, 359, 33, 710, 37, 6, 43, 472,
0, 234, 1, 342, 1, 459, 1, 619, 1, 113, 1, 432, 1, 365, 1, 439, 1, 572, 1, 32, 1, 457, 1, 612, 1, 0, 1, 299, 1, 419, 1, 394, 6, 297, 9, 397, 14, 672, 17, 356, 23, 65, 27, 40, 33, 450, 39, 130, 47, 298, 53, 565, 61, 67,
1, 297, 1, 235, 5, 368, 10, 155, 15, 295, 21, 212, 25, 98, 30, 323, 35, 494, 40, 692,
0, 160, 0, 342, 0, 476, 1, 438, 1, 565, 1, 260, 1, 275, 1, 776, 1, 42, 1, 449, 1, 122, 1, 248, 1, 375, 1, 505, 1, 599, 15, 168, 23, 435, 29, 254, 36, 241, 43, 182, 50, 75, 57, 530, 64, 328,
1, 339, 1, 151, 1, 584, 1, 586, 1, 406, 1, 101, 1, 470, 1, 171, 1, 20, 15, 292, 23, 420, 29, 352, 36, 238, 43, 542, 50, 39, 57, 483, 64, 517,
1, 215, 1, 178, 5, 791, 10, 260, 15, 84, 15, 457, 21, 454, 25, 142, 30, 122, 35, 675, 40, 328, 45, 391,
0, 209, 1, 42, 1, 10, 1, 143, 1, 175, 1, 523, 15, 619, 15, 37, 23, 194, 29, 491, 36, 463, 43, 584, 50, 586, 57, 395,
0, 528, 1, 240, 1, 525, 1, 667, 1, 284, 1, 20, 1, 24, 1, 51, 1, 275, 1, 471, 15, 177, 15, 84, 23, 342, 29, 473, 36, 261, 45, 406, 54, 707, 63, 282, 72, 379, 81, 362,
1, 87, 1, 98, 4, 425, 7, 2, 10, 344, 13, 580, 16, 436, 19, 522, 22, 278, 25, 294, 28, 579, 31, 340, 34, 151, 37, 62, 40, 214, 43, 500, 46, 454,
1, 116, 1, 337, 1, 589, 1, 612, 1, 384, 4, 210, 7, 258, 10, 252, 13, 97, 16, 64, 19, 423, 22, 288, 26, 72, 30, 414, 34, 401, 38, 24, 42, 528, 46, 126, 50, 234, 54, 504,
1, 245, 1, 525, 1, 148, 3, 133, 6, 367, 9, 221, 12, 715, 15, 142,
1, 521, 4, 175, 7, 199, 10, 197, 13, 667, 16, 36, 19, 226, 22, 122, 25, 715, 28, 344, 31, 42, 34, 174, 37, 98, 40, 1, 43, 21, 43, 168,
1, 30, 1, 418, 1, 180, 4, 524, 7, 410, 10, 608, 13, 85, 16, 163, 19, 495, 22, 51, 25, 165, 31, 129, 34, 395, 37, 42, 40, 441, 43, 9, 46, 79,
1, 123, 1, 46, 1, 436, 1, 448, 1, 89, 1, 667, 1, 385, 1, 486, 1, 384, 1, 212, 1, 573, 1, 272, 1, 369, 1, 483, 1, 14, 1, 226, 1, 122,
1, 291, 1, 16, 3, 328, 6, 247, 9, 88, 12, 407, 15, 51, 18, 240, 21, 488, 24, 573, 27, 194, 30, 113, 33, 670, 36, 400, 39, 672, 42, 46, 45, 399, 48, 436,
1, 351, 1, 404, 4, 495, 8, 488, 12, 413, 16, 317, 16, 14, 16, 393, 20, 21, 24, 197, 28, 679, 32, 338, 36, 73, 40, 127, 44, 67, 48, 503,
1, 432, 1, 111, 4, 277, 8, 390, 12, 406, 16, 70, 20, 343, 24, 433, 28, 192, 33, 298, 36, 186, 40, 480, 44, 791, 48, 329, 52, 195, 56, 17, 60, 181,
1, 76, 1, 517, 1, 461, 1, 523, 12, 170, 16, 340, 20, 528, 24, 579, 28, 133, 35, 93, 40, 14, 46, 344, 52, 525, 58, 604, 64, 113, 70, 502, 76, 116,
1, 60, 1, 157, 1, 322, 1, 679, 12, 236, 16, 427, 20, 312, 24, 17, 28, 122, 35, 341, 40, 526, 48, 47, 56, 137, 64, 444, 72, 492, 80, 391, 88, 288,
1, 16, 4, 56, 7, 330, 9, 672, 12, 345, 15, 366, 17, 174, 20, 250, 23, 528, 25, 575, 28, 491, 31, 446, 33, 155, 36, 34, 39, 103, 41, 317, 44, 471,
1, 72, 1, 186, 1, 262, 1, 191, 1, 619, 1, 523, 1, 348, 4, 573, 7, 413, 9, 356, 12, 341, 15, 379, 17, 490, 20, 6, 23, 401, 25, 512, 28, 618, 31, 184, 33, 213, 36, 42, 42, 105, 47, 291, 53, 88,
1, 459, 1, 355, 4, 542, 8, 427, 12, 65, 16, 566, 20, 692, 24, 568, 28, 439, 32, 23, 36, 112, 40, 452, 44, 403,
1, 85, 1, 670, 1, 212, 1, 166, 1, 25, 12, 502, 16, 130, 20, 84, 24, 47, 30, 341, 36, 355, 42, 455, 48, 499, 54, 184, 60, 10,
1, 187, 1, 260, 1, 309, 1, 209, 1, 299, 4, 56, 7, 158, 10, 127, 13, 208, 16, 473, 19, 438, 22, 180, 25, 262, 28, 609, 31, 480, 34, 37, 37, 332, 40, 310, 43, 321, 46, 391, 49, 66,
1, 286, 1, 29, 1, 154, 1, 484, 1, 73, 4, 204, 7, 487, 10, 122, 13, 65, 16, 417, 19, 335, 22, 400, 25, 502, 28, 177, 31, 220, 34, 438, 37, 104, 40, 555, 43, 675, 46, 235, 49, 390,
1, 598, 1, 239, 5, 155, 8, 339, 12, 5, 15, 272, 19, 204, 22, 93, 26, 314, 29, 344, 33, 257, 36, 441, 40, 536, 43, 447, 47, 476, 50, 580,
1, 245, 1, 212, 5, 209, 9, 475, 12, 208, 15, 34, 19, 196, 22, 32, 26, 261, 29, 187, 33, 71, 36, 14, 40, 184, 43, 16, 47, 217, 50, 22,
0, 288, 1, 252, 1, 715, 1, 248, 1, 62, 1, 192, 5, 468, 10, 321, 15, 707, 20, 470, 25, 523, 30, 94, 35, 39, 40, 452, 45, 590, 50, 479, 55, 214, 60, 276,
1, 105, 5, 20, 8, 40, 10, 401, 12, 173, 17, 7, 20, 260, 25, 167, 28, 264, 28, 715, 28, 56, 33, 263, 36, 206, 41, 266, 44, 556, 49, 70,
0, 467, 1, 62, 1, 515, 1, 171, 1, 191, 1, 227, 1, 263, 1, 136, 5, 134, 8, 361, 10, 194, 12, 391, 17, 473, 20, 341, 25, 283, 30, 178, 30, 291, 30, 345, 37, 310, 42, 251, 49, 448, 54, 573, 61, 457,
1, 421, 1, 568, 4, 441, 8, 440, 12, 85, 16, 521, 20, 235, 24, 17, 28, 214, 32, 513, 36, 194, 40, 536, 44, 142,
0, 332, 1, 372, 1, 165, 1, 673, 1, 396, 1, 517, 1, 359, 12, 245, 16, 322, 20, 410, 24, 399, 28, 424, 34, 110, 40, 334, 46, 416, 52, 118,
1, 512, 3, 526, 6, 92, 12, 444, 15, 258, 18, 501, 21, 417, 24, 388, 27, 237, 30, 253, 33, 259, 36, 124, 39, 31, 42, 91, 45, 620, 48, 326,
1, 207, 1, 470, 1, 492, 1, 79, 1, 506, 1, 574, 15, 791, 18, 504, 21, 451, 24, 776, 27, 276, 30, 62, 33, 98, 36, 307, 39, 572, 44, 368, 49, 453, 54, 403,
1, 590, 1, 281, 5, 359, 8, 581, 12, 115, 15, 791, 19, 36, 22, 17, 26, 47, 29, 428, 31, 294, 36, 14, 40, 108, 43, 75, 47, 254,
0, 442, 1, 464, 1, 586, 1, 37, 1, 315, 1, 255, 1, 396, 1, 259, 1, 52, 1, 101, 8, 525, 8, 457, 12, 439, 15, 425, 19, 85, 22, 497, 26, 398, 29, 122, 31, 296, 39, 158, 46, 383, 52, 163, 59, 599,
1, 23, 1, 692, 4, 383, 8, 577, 12, 397, 16, 387, 20, 715, 24, 463, 28, 288, 32, 196, 36, 50, 40, 167, 44, 309, 48, 112, 52, 268, 56, 142, 60, 292, 64, 183,
1, 512, 7, 110, 10, 15, 14, 255, 15, 105, 18, 473, 21, 165, 26, 162, 29, 258, 29, 5, 33, 369, 38, 380, 40, 21, 44, 476, 50, 208,
0, 371, 1, 472, 1, 383, 1, 538, 7, 115, 10, 344, 14, 254, 15, 710, 18, 417, 21, 66, 26, 446, 29, 352, 35, 776, 35, 67, 42, 427, 46, 605, 52, 526, 60, 319,
1, 409, 5, 208, 10, 94, 14, 322, 19, 261, 23, 241, 28, 10, 32, 496, 37, 137, 41, 178, 46, 156, 50, 573, 55, 117,
1, 5, 1, 286, 4, 479, 8, 500, 12, 211, 16, 343, 20, 565, 24, 64, 28, 194, 32, 442, 36, 421, 40, 384, 44, 124, 48, 17,
0, 173, 1, 170, 1, 529, 1, 32, 1, 440, 1, 715, 1, 240, 1, 65, 1, 268, 1, 151, 1, 217, 1, 351, 12, 524, 16, 127, 20, 595, 24, 108, 28, 229, 32, 517, 38, 272, 44, 254, 50, 141, 56, 462, 62, 136,
0, 236, 1, 168, 1, 170, 1, 20, 1, 297, 1, 5, 1, 442, 1, 540, 1, 101, 1, 598, 1, 411, 1, 575, 1, 328, 1, 446, 1, 275, 1, 92, 12, 332, 16, 564, 20, 64, 24, 310, 28, 464, 32, 192, 38, 136, 44, 134, 52, 413, 60, 451, 68, 219,
1, 345, 1, 583, 4, 281, 7, 111, 10, 501, 13, 70, 16, 280, 19, 114, 22, 367, 26, 469, 30, 451, 34, 350, 38, 679, 42, 24, 46, 597, 50, 398, 54, 224,
0, 21, 1, 609, 1, 502, 1, 227, 1, 170, 1, 310, 1, 270, 1, 411, 4, 565, 7, 107, 10, 57, 13, 133, 16, 438, 19, 330, 22, 24, 26, 253, 30, 579, 35, 75, 38, 581, 44, 219, 49, 29, 54, 199, 59, 447,
1, 120, 1, 435, 4, 493, 8, 207, 12, 611, 16, 181, 20, 6, 24, 276, 28, 279, 32, 114, 36, 517, 40, 423, 44, 492,
0, 460, 1, 45, 1, 494, 1, 368, 1, 339, 1, 465, 1, 197, 1, 147, 12, 189, 16, 10, 20, 223, 24, 232, 28, 57, 32, 524, 38, 235, 44, 260, 50, 506, 56, 619,
1, 566, 1, 684, 5, 31, 8, 425, 12, 213, 15, 10, 19, 694, 22, 497, 26, 66, 29, 114, 33, 168, 36, 530, 40, 618, 43, 585, 47, 141, 50, 369,
1, 175, 1, 441, 4, 133, 6, 398, 9, 80, 11, 575, 14, 314, 16, 184, 19, 675, 21, 432, 24, 359, 26, 105, 29, 202, 31, 604, 34, 97, 36, 214, 39, 212, 41, 215, 44, 109, 46, 190,
1, 501, 1, 417, 1, 328, 1, 163, 1, 480, 1, 156, 5, 491, 10, 127, 15, 433, 20, 266, 25, 143, 30, 9, 35, 7, 40, 122, 45, 523, 50, 57,
1, 11, 1, 90, 1, 184, 1, 23, 1, 95, 1, 291, 5, 310, 10, 351, 15, 321, 20, 107, 25, 446, 30, 364, 35, 102, 40, 92, 45, 453, 50, 252,
1, 256, 1, 715, 6, 338, 6, 196, 12, 397, 18, 50, 24, 277, 31, 542, 36, 484, 42, 226, 48, 243,
0, 465, 1, 121, 1, 17, 1, 165, 1, 397, 1, 98, 1, 87, 1, 70, 1, 568, 12, 354, 18, 482, 24, 412, 33, 103, 40, 562, 48, 35, 56, 446,
1, 515, 1, 204, 4, 173, 8, 619, 12, 79, 16, 526, 20, 217, 24, 367, 28, 461, 32, 53, 36, 462, 40, 259, 44, 198, 48, 410, 52, 361,
0, 353, 1, 273, 1, 202, 1, 584, 1, 342, 1, 577, 12, 32, 16, 147, 20, 366, 24, 620, 28, 432, 34, 153, 40, 239, 46, 540, 52, 461, 58, 106, 64, 339,
1, 555, 1, 134, 3, 668, 6, 478, 9, 419, 12, 387, 15, 599, 18, 467, 21, 380, 24, 446, 27, 305, 30, 242, 33, 291, 36, 609, 36, 276, 39, 153, 42, 171,
0, 121, 1, 65, 1, 74, 1, 224, 1, 86, 1, 484, 1, 412, 9, 472, 12, 451, 15, 328, 18, 243, 21, 462, 24, 251, 27, 410, 30, 191, 33, 298, 38, 418, 38, 47, 43, 585, 48, 38,
1, 524, 1, 353, 4, 89, 8, 355, 12, 268, 16, 8, 20, 189, 24, 153, 28, 5, 32, 7, 36, 515, 41, 442, 41, 331, 41, 670, 44, 391,
1, 399, 1, 312, 1, 258, 1, 355, 1, 120, 12, 181, 16, 493, 20, 201, 24, 86, 28, 296, 32, 482, 36, 325, 43, 0, 43, 55, 43, 540, 48, 148,
1, 334, 1, 76, 4, 246, 8, 171, 12, 399, 16, 454, 20, 127, 24, 328, 28, 205, 32, 153, 36, 433, 41, 184, 44, 505,
1, 449, 1, 172, 1, 231, 1, 114, 12, 183, 16, 319, 20, 534, 24, 339, 28, 409, 32, 334, 36, 258, 43, 501, 48, 672,
1, 86, 15, 585, 25, 351,
0, 715, 1, 307, 1, 536, 1, 79, 1, 69, 1, 791, 1, 296, 4, 444, 8, 211, 12, 78, 16, 292, 20, 63, 24, 565, 28, 450, 32, 515, 36, 341, 40, 191, 44, 37, 48, 297, 52, 264,
1, 138, 10, 344, 10, 313, 10, 269, 15, 30, 20, 385, 20, 526, 20, 479, 25, 464, 35, 177, 35, 11, 35, 259, 45, 77,
1, 10, 1, 269, 1, 187, 1, 668, 1, 117, 4, 504, 7, 272, 10, 590, 13, 468, 16, 326, 18, 441, 21, 259, 25, 401, 30, 463, 33, 337, 38, 480, 42, 11, 46, 383, 50, 186,
1, 309, 4, 611, 7, 126, 10, 707, 13, 178, 16, 291, 19, 210, 22, 710, 26, 437, 30, 163, 34, 240, 38, 294, 42, 393, 46, 684, 50, 403, 54, 9,
1, 399, 1, 92, 1, 353, 1, 225, 1, 221, 4, 234, 7, 436, 10, 612, 13, 338, 16, 337, 19, 241, 22, 51, 26, 136, 30, 251, 34, 573, 40, 141, 46, 59, 52, 138, 58, 273, 64, 115,
1, 411, 1, 307, 4, 12, 8, 371, 12, 137, 16, 279, 20, 35, 24, 482, 28, 408, 32, 231, 36, 504, 40, 200, 44, 223,
0, 455, 1, 72, 1, 91, 1, 612, 1, 434, 1, 495, 1, 590, 1, 77, 1, 707, 1, 573, 1, 408, 12, 405, 16, 341, 20, 416, 24, 458, 28, 71, 32, 81, 36, 60, 42, 437, 48, 432,
1, 608, 1, 556, 1, 491, 1, 430, 1, 155, 6, 282, 10, 81, 16, 10, 21, 526, 26, 401, 30, 238, 36, 572, 41, 611, 46, 341, 50, 344, 56, 310, 61, 213,
1, 111, 1, 282, 1, 14, 1, 129, 1, 280, 1, 30, 1, 224, 4, 259, 7, 413, 10, 201, 13, 776, 16, 312, 19, 5, 22, 501, 27, 473, 32, 172, 37, 596, 42, 153, 47, 402, 52, 19, 57, 2,
1, 334, 1, 365, 5, 167, 10, 212, 15, 97, 20, 142, 25, 44, 30, 156, 35, 474, 40, 330, 45, 225, 50, 319, 55, 197,
1, 209, 1, 112, 1, 280, 1, 504, 1, 583, 1, 375, 1, 239, 1, 7,
1, 499, 1, 692, 5, 668, 10, 585, 15, 341, 20, 307, 25, 268, 30, 715, 35, 348, 40, 215, 45, 297, 50, 283, 55, 397, 60, 73,
0, 331, 1, 43, 1, 596, 1, 190, 1, 148, 1, 197, 1, 85, 15, 270, 20, 340, 25, 110, 30, 233, 35, 620, 40, 142, 47, 602, 54, 259, 61, 203, 68, 156,
1, 14, 1, 460, 4, 90, 8, 83, 12, 512, 16, 374, 20, 160, 24, 410, 28, 0, 33, 276, 36, 126, 40, 453, 44, 266, 48, 458, 52, 213,
0, 33, 1, 393, 1, 63, 1, 237, 1, 597, 1, 471, 12, 74, 16, 57, 20, 251, 24, 121, 28, 143, 35, 61, 40, 50, 46, 368, 52, 385, 58, 59, 64, 402,
1, 7, 1, 270, 1, 24, 1, 417, 1, 2, 1, 34, 1, 513, 12, 70, 16, 61, 20, 490, 24, 586, 28, 94, 35, 314, 40, 16, 48, 312, 56, 299, 64, 269, 72, 667,
1, 350, 1, 506, 1, 459, 50, 585,
1, 264, 1, 675, 1, 262, 1, 319, 1, 467, 5, 232, 9, 342, 11, 515, 14, 340, 16, 452, 19, 556, 23, 472, 26, 136, 29, 83, 34, 56, 39, 528, 45, 294, 50, 413,
1, 196, 1, 392, 1, 101, 1, 245, 1, 668, 5, 609, 9, 411, 11, 421, 14, 253, 16, 205, 19, 608, 23, 224, 26, 309, 29, 209, 34, 98, 39, 556, 45, 395, 50, 168,
1, 230, 1, 123, 5, 57, 10, 40, 15, 110, 20, 53, 25, 52, 30, 526, 35, 512, 40, 113, 45, 44, 50, 514, 55, 93,
1, 461, 1, 138, 4, 514, 7, 81, 9, 91, 13, 227, 17, 493, 20, 611, 22, 490, 26, 356, 31, 37, 34, 296, 37, 65, 40, 298, 42, 9, 46, 369, 49, 127,
1, 9, 1, 555, 5, 512, 10, 155, 15, 308, 20, 336, 25, 776, 31, 162, 35, 71, 40, 93, 45, 89, 50, 453, 55, 421,
0, 24, 1, 83, 1, 188, 1, 440, 1, 203, 1, 296, 15, 251, 20, 31, 25, 465, 33, 682, 39, 360, 46, 374, 53, 354, 60, 206, 67, 307,
0, 433, 1, 248, 1, 349, 1, 502, 1, 34, 1, 212, 1, 472, 1, 208, 15, 436, 20, 280, 25, 186, 33, 528, 39, 345, 46, 184, 55, 424, 64, 351, 73, 306,
1, 109,
0, 338, 0, 474, 1, 597, 1, 573, 1, 84, 1, 89, 6, 579, 12, 106, 18, 66, 26, 322, 34, 398, 42, 471, 50, 247, 58, 462, 66, 534, 74, 212,
0, 361, 1, 579, 1, 473, 1, 135, 1, 573, 1, 368, 6, 33, 12, 407, 16, 359, 26, 136, 34, 420, 42, 442, 52, 453, 62, 181, 72, 314, 82, 596,
1, 314, 1, 40, 6, 47, 12, 367, 18, 232, 24, 694, 30, 395, 36, 183, 42, 71, 48, 529, 54, 424, 60, 467, 66, 568, 72, 486, 78, 258,
1, 465, 1, 310, 6, 23, 12, 31, 18, 419, 24, 389, 30, 232, 36, 247, 42, 37, 48, 349, 54, 480, 60, 514, 66, 411, 72, 435, 78, 256,
1, 362, 1, 493, 6, 497, 12, 306, 18, 176, 24, 321, 24, 410, 30, 668, 36, 454, 36, 111, 42, 204, 48, 361, 54, 486, 60, 28, 66, 1, 72, 10, 78, 509,
1, 233, 1, 401, 5, 675, 10, 106, 15, 36, 20, 370, 25, 362, 30, 117, 35, 107, 40, 220, 45, 254, 50, 196, 55, 18, 60, 42, 65, 43, 70, 12, 75, 34,
1, 142, 1, 462, 5, 471, 10, 394, 15, 105, 20, 189, 25, 493, 30, 223, 35, 72, 40, 583, 45, 362, 50, 673, 55, 29, 60, 480, 65, 232, 70, 67, 75, 299,
1, 163, 1, 141, 1, 581, 1, 39, 9, 347, 18, 392, 27, 490, 36, 364, 45, 506, 54, 79, 63, 75, 72, 243, 81, 577, 90, 404,
1, 512, 1, 19, 1, 233, 1, 395, 9, 85, 18, 611, 27, 604, 36, 565, 45, 575, 54, 224, 63, 455, 72, 205, 81, 442, 90, 529,
1, 440, 1, 521, 1, 224, 1, 88, 1, 391, 9, 276, 18, 39, 27, 530, 36, 483, 45, 416, 54, 417, 63, 25, 72, 487, 81, 597, 90, 446,
1, 393, 1, 474, 7, 500, 14, 154, 21, 75, 28, 143, 35, 102, 42, 564, 49, 55, 56, 258, 63, 138, 70, 583, 77, 229, 84, 278, 91, 162, 98, 255,
1, 344, 1, 25, 7, 487, 13, 314, 19, 536, 25, 190, 31, 217, 37, 255, 43, 488, 49, 503, 55, 336, 61, 22, 67, 76, 73, 480,
1, 467, 5, 366, 6, 270, 10, 447, 13, 478, 17, 499, 21, 55, 25, 292, 29, 416, 33, 184, 37, 515, 41, 147, 45, 406,
1, 283, 1, 105, 1, 313, 5, 414, 6, 251, 10, 298, 13, 29, 17, 127, 22, 398, 27, 73, 32, 605, 37, 433, 42, 710, 47, 476, 52, 442,
0, 173, 1, 667, 1, 29, 1, 142, 1, 114, 1, 249, 1, 341, 5, 232, 6, 326, 10, 121, 13, 349, 17, 202, 22, 409, 27, 317, 33, 107, 39, 333, 45, 388, 51, 237, 57, 399,
1, 245, 1, 47, 6, 299, 9, 122, 12, 334, 15, 514, 17, 281, 23, 494, 25, 44, 31, 254, 33, 297, 39, 439, 41, 270, 47, 180,
0, 250, 1, 110, 1, 83, 1, 501, 1, 196, 1, 294, 1, 245, 1, 251, 7, 419, 9, 682, 12, 438, 16, 457, 19, 175, 26, 113, 29, 84, 36, 370, 39, 421, 46, 115, 49, 12, 56, 55,
0, 442, 1, 219, 1, 112, 1, 79, 1, 529, 1, 340, 1, 252, 1, 143, 1, 28, 1, 490, 1, 57, 1, 321, 1, 175, 7, 134, 9, 55, 12, 167, 16, 375, 19, 204, 26, 365, 29, 123, 42, 209, 52, 221, 58, 141, 68, 165,
1, 188, 4, 121, 6, 590, 11, 177, 15, 670, 18, 329, 22, 10, 25, 175, 29, 24, 32, 500, 36, 232, 39, 167, 43, 422,
0, 108, 1, 489, 1, 251, 1, 528, 1, 112, 4, 398, 8, 469, 11, 307, 15, 209, 19, 15, 24, 428, 28, 478, 33, 103, 37, 328, 42, 53, 46, 488, 50, 124,
0, 0, 1, 52, 1, 269, 1, 583, 1, 111, 1, 211, 1, 581, 4, 272, 8, 452, 11, 116, 15, 187, 19, 385, 24, 448, 28, 270, 33, 32, 39, 491, 46, 180, 52, 42, 59, 459,
1, 383, 1, 230, 5, 137, 9, 715, 13, 562, 17, 70, 21, 134, 25, 255, 29, 277, 33, 612, 37, 211, 41, 243,
1, 536, 1, 584, 1, 5, 5, 489, 9, 510, 13, 151, 18, 177, 23, 343, 28, 296, 33, 460, 38, 59, 43, 92, 48, 339,
0, 310, 1, 488, 1, 165, 1, 494, 1, 34, 1, 482, 5, 620, 9, 479, 13, 9, 18, 25, 23, 75, 28, 108, 33, 284, 41, 72, 49, 111, 57, 256,
1, 112, 1, 390, 5, 219, 9, 348, 13, 428, 17, 107, 21, 529, 25, 437, 29, 332, 33, 21, 37, 586, 41, 243, 45, 393, 49, 707,
0, 369, 1, 226, 1, 403, 1, 332, 1, 80, 5, 356, 9, 61, 13, 79, 18, 409, 23, 509, 28, 60, 33, 480, 38, 502, 43, 487, 48, 303, 53, 352, 58, 526,
1, 679, 1, 460, 6, 187, 16, 147,
0, 108, 1, 395, 1, 418, 1, 490, 1, 311, 1, 329, 14, 177, 18, 332, 22, 317, 26, 247, 30, 299, 34, 127, 36, 203, 38, 36, 42, 261, 44, 467, 46, 17, 50, 80,
1, 496, 1, 325, 4, 305, 8, 791, 12, 90, 16, 458, 20, 112, 24, 619, 28, 217, 32, 52, 36, 188, 40, 136, 44, 157, 48, 1,
1, 311, 1, 257, 1, 375, 1, 586, 12, 338, 18, 170, 24, 292, 31, 432, 36, 245, 42, 250, 48, 204, 54, 694, 60, 579, 68, 369,
1, 405, 1, 275, 1, 11, 1, 244, 1, 281, 12, 284, 18, 196, 24, 230, 33, 232, 40, 599, 48, 461, 56, 514, 64, 129, 72, 103, 80, 50,
1, 163, 1, 529, 1, 538, 1, 245,
1, 104, 1, 15, 1, 178, 1, 343, 1, 323, 1, 332, 1, 258, 1, 492, 1, 76, 1, 488, 1, 497, 1, 521, 1, 52, 1, 124, 1, 246, 1, 294, 1, 579, 1, 83, 1, 391,
1, 282, 1, 464, 6, 715, 10, 500, 15, 263, 19, 440, 24, 203, 28, 517, 33, 253, 37, 247, 42, 338, 46, 231,
0, 566, 1, 50, 1, 65, 1, 18, 1, 177, 6, 575, 10, 40, 15, 472, 19, 422, 24, 39, 28, 407, 36, 523, 43, 675, 51, 272, 58, 489,
1, 163, 1, 296, 6, 40, 10, 249, 15, 421, 19, 482, 24, 528, 28, 44, 33, 353, 37, 438, 42, 262, 46, 28,
0, 383, 1, 501, 1, 448, 1, 510, 1, 285, 1, 590, 6, 278, 10, 173, 15, 208, 19, 580, 24, 55, 28, 155, 36, 675, 43, 472, 51, 77, 58, 78,
1, 153, 10, 418, 15, 279, 20, 57,
0, 45, 1, 126, 1, 296, 1, 286, 1, 252, 1, 465, 10, 394, 15, 241, 20, 208, 23, 0, 26, 314, 29, 183, 32, 441, 35, 106, 38, 372, 41, 371, 44, 487, 47, 83, 50, 501,
0, 12, 1, 372, 1, 226, 1, 360, 1, 467, 10, 503, 15, 521, 20, 453, 23, 71, 26, 240, 29, 95, 32, 348, 35, 46, 38, 564, 41, 130, 44, 0, 47, 398, 50, 462,
1, 295, 1, 436, 1, 336, 1, 573,
0, 524, 1, 385, 1, 692, 1, 574, 1, 106, 1, 100, 1, 542, 1, 605, 4, 342, 8, 470, 12, 86, 16, 580, 20, 104, 24, 506, 28, 184, 32, 28, 36, 85, 40, 400, 40, 483, 44, 166,
1, 72, 1, 562, 5, 284, 9, 275, 13, 583, 17, 305, 19, 334, 21, 86, 25, 350, 29, 40, 33, 241, 37, 460, 41, 162, 45, 137, 49, 415,
1, 83, 4, 353, 7, 229, 11, 19, 15, 673, 18, 566, 21, 61, 24, 88, 27, 279, 31, 236, 35, 340, 38, 2, 41, 225, 45, 35,
1, 57, 1, 385, 1, 521, 1, 487, 1, 279, 4, 230, 7, 431, 11, 107, 15, 367, 18, 311, 21, 278, 24, 444, 29, 196, 35, 227, 41, 166, 46, 366, 51, 28, 57, 414,
1, 68, 1, 75, 5, 167, 10, 352, 15, 81, 20, 120, 26, 491, 30, 461, 35, 431, 40, 130, 45, 395,
0, 428, 1, 136, 1, 114, 1, 242, 1, 268, 1, 450, 1, 305, 15, 598, 20, 311, 28, 351, 34, 288, 41, 148, 48, 411, 55, 451, 62, 338,
1, 453, 1, 272, 5, 565, 10, 243, 15, 246, 20, 209, 25, 529, 31, 232, 35, 266, 40, 278, 45, 23,
1, 94, 1, 513, 1, 165, 1, 399, 15, 204, 20, 464, 25, 467, 33, 435, 39, 260, 46, 480, 53, 410,
1, 351, 1, 211, 1, 489, 1, 191, 1, 585, 4, 403, 8, 234, 11, 118, 15, 160, 18, 409, 22, 92, 25, 120, 29, 514, 32, 134, 36, 619, 39, 113, 43, 205,
1, 220, 1, 179, 4, 129, 8, 91, 12, 333, 16, 18, 20, 360, 24, 336, 24, 303, 24, 493, 29, 473, 32, 540, 36, 441, 40, 362, 44, 312,
0, 514, 1, 224, 1, 195, 1, 211, 1, 241, 1, 510, 1, 335, 12, 619, 16, 227, 20, 81, 24, 152, 24, 487, 24, 44, 31, 506, 36, 583, 42, 21, 48, 292, 54, 17,
1, 247, 1, 495, 4, 276, 8, 6, 12, 424, 16, 165, 20, 33, 24, 534, 28, 340, 32, 352, 36, 306, 40, 349, 44, 152, 48, 512, 52, 192,
1, 69, 1, 19, 1, 152, 1, 352, 1, 433, 1, 463, 12, 181, 16, 252, 20, 422, 24, 136, 28, 501, 32, 334, 36, 523, 40, 48, 44, 439, 48, 581, 52, 278, 56, 421,
1, 605, 1, 328, 1, 129, 1, 437, 1, 32, 1, 50, 1, 499, 1, 427, 1, 299, 1, 494, 1, 233, 1, 412, 1, 91, 1, 48, 1, 108, 1, 530, 1, 500,
1, 161, 1, 484, 1, 204, 1, 54, 1, 199, 1, 53, 1, 108, 1, 37, 1, 374, 1, 432, 1, 369, 1, 322, 1, 75, 1, 609, 25, 562, 35, 407, 45, 8, 55, 577, 65, 387, 75, 148,
1, 219, 5, 566, 8, 115, 13, 338, 17, 715, 20, 486, 25, 465, 29, 332, 32, 402, 37, 328, 41, 315, 44, 223, 48, 427, 50, 208,
0, 337, 1, 139, 1, 57, 1, 474, 1, 244, 1, 673, 1, 418, 5, 351, 8, 214, 13, 238, 17, 528, 20, 220, 25, 264, 29, 448, 32, 202, 37, 434, 45, 336, 52, 392, 60, 231,
1, 388, 4, 460, 7, 319, 10, 184, 13, 18, 16, 430, 19, 86, 32, 39,
1, 68, 1, 490, 3, 29, 6, 223, 9, 351, 12, 204, 15, 89, 18, 673, 21, 238, 24, 35, 27, 611, 30, 337, 33, 77, 36, 710, 39, 451, 42, 405, 45, 343,
0, 581, 1, 266, 1, 347, 1, 141, 1, 112, 1, 97, 9, 333, 12, 297, 15, 91, 18, 259, 21, 295, 24, 441, 27, 86, 30, 305, 33, 514, 38, 330, 43, 268, 48, 55, 53, 428,
1, 208, 1, 260, 4, 351, 8, 10, 12, 11, 16, 157, 20, 246, 24, 391, 28, 440, 32, 599, 36, 556, 40, 98, 44, 489,
0, 262, 1, 28, 1, 133, 1, 403, 1, 70, 1, 396, 1, 463, 1, 212, 12, 573, 16, 297, 20, 598, 24, 113, 28, 155, 32, 157, 38, 348, 44, 33, 50, 339, 56, 194,
1, 158, 1, 395, 4, 367, 8, 272, 12, 0, 16, 439, 20, 117, 24, 394, 28, 73, 32, 572, 36, 707, 40, 248, 44, 171,
1, 494, 1, 100, 4, 303, 8, 30, 12, 136, 16, 237, 20, 68, 24, 249, 28, 482, 32, 468, 36, 370, 36, 454, 36, 103, 40, 374, 44, 341, 48, 239, 52, 383,
1, 115, 1, 288, 1, 167, 4, 73, 8, 37, 12, 517, 16, 325, 20, 136,
1, 410, 1, 407, 1, 175, 1, 487, 5, 239, 9, 202, 13, 447, 17, 102, 21, 347, 25, 361, 29, 495, 33, 500, 37, 168, 41, 403, 45, 390, 49, 174, 50, 472, 57, 604,
1, 80, 1, 268, 5, 581, 10, 406, 15, 194, 20, 605, 25, 254, 30, 334, 35, 454, 40, 217, 45, 366, 50, 299, 55, 107, 60, 391,
1, 209, 1, 438, 6, 272, 12, 60, 18, 112, 25, 296, 30, 419, 36, 460, 42, 210, 48, 95, 54, 34, 60, 366,
1, 451, 1, 500, 1, 487, 1, 230, 1, 385, 18, 367, 27, 241, 34, 434, 42, 667, 50, 224, 58, 405, 66, 565, 74, 155,
0, 142, 1, 488, 1, 24, 1, 23, 1, 328, 1, 487, 1, 88, 18, 486, 27, 473, 34, 154, 42, 575, 52, 288, 62, 434, 72, 200, 82, 331,
1, 416, 1, 715, 4, 243, 8, 579, 12, 480, 16, 568, 20, 254, 20, 414, 24, 230, 28, 215, 32, 179, 36, 190, 40, 23, 44, 87, 48, 107, 52, 71,
1, 459, 1, 586, 4, 380, 8, 444, 12, 281, 16, 598, 20, 347, 24, 344, 28, 525, 32, 95, 36, 487, 40, 330, 44, 28, 48, 447, 52, 608, 56, 172,
0, 400, 1, 325, 1, 338, 1, 408, 1, 436, 1, 461, 1, 413, 1, 297, 1, 68, 1, 196, 1, 530, 1, 283, 1, 369, 1, 326, 1, 89, 1, 38, 12, 288, 16, 483, 20, 62, 24, 237, 28, 526, 32, 77, 36, 409, 40, 420, 44, 2, 48, 70, 52, 259, 56, 154, 60, 109,
1, 468, 1, 32, 4, 225, 8, 42, 12, 114, 16, 400, 20, 260, 24, 239, 28, 501, 32, 360, 36, 63, 40, 486, 44, 303, 48, 352, 52, 413,
1, 95, 1, 194, 1, 92, 1, 97, 1, 196, 1, 62, 1, 595, 12, 405, 16, 201, 20, 19, 24, 285, 28, 55, 32, 137, 38, 254, 44, 278, 50, 205, 56, 155, 62, 306,
1, 299, 1, 217, 3, 91, 6, 341, 9, 105, 12, 368, 15, 496, 18, 68, 21, 86, 24, 186, 27, 135, 30, 167, 33, 112, 36, 329, 39, 298, 42, 117, 45, 23, 48, 528,
1, 596, 1, 175, 1, 53, 1, 336, 1, 465, 1, 123, 1, 171, 9, 609, 12, 1, 15, 468, 18, 434, 21, 392, 24, 90, 27, 423, 30, 369, 33, 586, 36, 521, 39, 500, 44, 263, 49, 6, 54, 258,
1, 462, 1, 438, 4, 0, 8, 313, 12, 411, 16, 435, 20, 347, 24, 118, 28, 566, 32, 471, 36, 332, 40, 36, 44, 241, 48, 84,
1, 67, 1, 28, 1, 460, 1, 675, 12, 232, 16, 308, 20, 157, 24, 266, 28, 9, 32, 323, 36, 513, 42, 137, 48, 221, 54, 269,
1, 17, 1, 143, 7, 328, 11, 235, 17, 514, 21, 89, 27, 310, 31, 102, 37, 392, 37, 379, 37, 473, 41, 475, 47, 608, 50, 284,
1, 464, 6, 312, 10, 452, 13, 343, 17, 24, 22, 572, 26, 362, 29, 415, 33, 103, 38, 673, 42, 247, 45, 475, 49, 379, 54, 562,
1, 468, 1, 446, 1, 590, 1, 44, 1, 101, 6, 385, 10, 461, 13, 74, 17, 611, 22, 88, 26, 165, 29, 93, 35, 483, 42, 455, 48, 158, 53, 1, 59, 154, 66, 84,
1, 147, 1, 63, 4, 337, 8, 540, 12, 364, 16, 249, 20, 473, 24, 611, 28, 305, 32, 250, 36, 127, 40, 504, 44, 181, 48, 405,
1, 163, 1, 89, 5, 419, 10, 63, 15, 470, 20, 259, 25, 584, 30, 65, 35, 458, 41, 57, 45, 618, 50, 504,
0, 154, 1, 418, 1, 479, 1, 102, 1, 126, 1, 436, 1, 58, 15, 71, 20, 250, 25, 261, 30, 142, 35, 74, 43, 6, 49, 482, 56, 462,
1, 88, 1, 480, 1, 67, 1, 51, 1, 385, 1, 34, 1, 776, 1, 209, 1, 707, 1, 538, 18, 239, 24, 579, 30, 277, 36, 84, 42, 306, 48, 19, 54, 280, 60, 200, 66, 262,
1, 283, 1, 114, 1, 205, 1, 259, 1, 435, 1, 189, 1, 673, 1, 42, 12, 517, 16, 36, 20, 565, 24, 25, 28, 374, 34, 8, 40, 232, 46, 255, 52, 404, 58, 278, 64, 534,
1, 219, 1, 161, 1, 254, 1, 168, 18, 428, 24, 157, 30, 434, 36, 111, 42, 155, 48, 113, 54, 338, 60, 489,
1, 182, 1, 534, 1, 55, 1, 90, 1, 609, 15, 449, 20, 117, 25, 336, 30, 389, 35, 483, 40, 439, 47, 42, 54, 791, 61, 124, 68, 331, 75, 93,
1, 422, 1, 72, 1, 158, 1, 444, 1, 224, 12, 336, 16, 612, 20, 574, 24, 492, 28, 76, 32, 91, 36, 52, 40, 106, 44, 227, 48, 190, 52, 405, 56, 476,
1, 451, 1, 306, 1, 333, 1, 505, 1, 385, 12, 258, 16, 372, 20, 29, 24, 444, 28, 383, 34, 79, 40, 86, 46, 56, 52, 224, 58, 156, 64, 562,
1, 40, 1, 431, 1, 564, 1, 255, 12, 65, 16, 355, 20, 261, 24, 42, 28, 114, 34, 43, 40, 200, 46, 325, 52, 416, 58, 419, 64, 303,
0, 58, 1, 304, 1, 339, 1, 295, 1, 44, 1, 1, 1, 338, 1, 385, 1, 172, 1, 590, 1, 325, 1, 403, 1, 574, 1, 260, 1, 294, 1, 670, 1, 2, 1, 356, 1, 503, 1, 609, 1, 39, 1, 352,
1, 427, 1, 332, 1, 74, 1, 436, 1, 407, 1, 435, 1, 220, 1, 359, 1, 243, 1, 246, 6, 500, 11, 517, 14, 50, 17, 391, 22, 408, 27, 76, 30, 213, 33, 414, 38, 468, 43, 244, 46, 179, 49, 568, 54, 230, 57, 521,
0, 344, 1, 134, 1, 522, 1, 579, 1, 497, 1, 350, 1, 136, 1, 465, 1, 347, 1, 668, 1, 523, 1, 273, 1, 421, 1, 479, 5, 538, 10, 104, 15, 467, 20, 707, 25, 462, 30, 194, 35, 70, 40, 6, 45, 401, 50, 384, 55, 372,
0, 170, 1, 682, 1, 255, 1, 44, 1, 500, 1, 305, 1, 201, 1, 243, 1, 122, 1, 192, 1, 29, 1, 374, 1, 288, 5, 199, 10, 432, 15, 85, 20, 427, 25, 211, 30, 501, 35, 391, 40, 89, 45, 403, 50, 419, 55, 108,
1, 457, 1, 136, 1, 137, 1, 497, 1, 612, 1, 61, 1, 620, 1, 176, 1, 138, 1, 459, 1, 390, 4, 501, 7, 238, 10, 335, 13, 440, 16, 111, 19, 93, 22, 52, 27, 273, 30, 490, 35, 12, 40, 338, 45, 50, 50, 192, 55, 16,
0, 286, 1, 197, 1, 249, 1, 281, 1, 282, 1, 423, 1, 309, 1, 84, 15, 344, 20, 482, 25, 126, 30, 10, 37, 599, 44, 330, 51, 472, 58, 263, 65, 596,
1, 344, 1, 459, 1, 421, 1, 458, 1, 35, 1, 413, 1, 409, 15, 337, 20, 71, 25, 291, 30, 244, 35, 45, 40, 495, 45, 2, 50, 88, 55, 233, 60, 390, 65, 311,
0, 114, 1, 692, 1, 107, 1, 43, 1, 207, 1, 667, 1, 343, 1, 65, 1, 234, 1, 174, 1, 256, 1, 24, 1, 276, 1, 206, 1, 106, 1, 425, 1, 585, 1, 124, 1, 269, 9, 418, 12, 83, 15, 18, 18, 337, 23, 225, 28, 59, 35, 115, 42, 187, 49, 231, 56, 175, 56, 102, 63, 499,
0, 611, 1, 76, 1, 313, 1, 191, 1, 425, 1, 166, 1, 161, 1, 141, 1, 494, 1, 391, 1, 178, 4, 118, 7, 433, 10, 171, 13, 43, 16, 321, 19, 471, 22, 556, 25, 441, 28, 80, 31, 473, 34, 315, 37, 450, 40, 122, 43, 17, 43, 362, 50, 273,
1, 435, 1, 129, 1, 359, 1, 351, 1, 489, 1, 295, 1, 476, 1, 180, 1, 383, 1, 259, 12, 196, 16, 19, 20, 157, 24, 124, 28, 113, 32, 355, 36, 162, 42, 538, 48, 123, 54, 502,
0, 100, 1, 107, 1, 92, 1, 231, 1, 325, 1, 171, 1, 98, 1, 97, 1, 65, 1, 79, 1, 599, 1, 478, 15, 112, 20, 448, 25, 90, 30, 416, 35, 322, 40, 575, 47, 505, 54, 254, 61, 183, 68, 390,
1, 362, 1, 470, 5, 579, 10, 521, 15, 390, 20, 249, 25, 595, 30, 138, 35, 161, 40, 263, 45, 42, 50, 296, 55, 366,
1, 18, 1, 668, 7, 556, 14, 395, 21, 114, 28, 379, 35, 424, 42, 251, 49, 54, 56, 401, 63, 147, 70, 433, 77, 581,
1, 152, 1, 362, 7, 260, 14, 404, 21, 203, 28, 86, 35, 184, 42, 441, 49, 72, 56, 177, 63, 198, 70, 526, 77, 418,
1, 345, 1, 366, 7, 418, 14, 329, 21, 223, 28, 202, 35, 34, 42, 227, 49, 232, 56, 285, 63, 577, 70, 61, 77, 715,
1, 433, 1, 243, 8, 564, 16, 30, 24, 277, 32, 64, 40, 166, 48, 403, 56, 161, 64, 608, 72, 530, 80, 350, 88, 555,
1, 430, 1, 394, 8, 174, 16, 323, 24, 251, 32, 589, 40, 215, 48, 28, 56, 19, 64, 230, 72, 393, 80, 500, 88, 584,
1, 165, 1, 17, 6, 528, 12, 343, 18, 254, 24, 106, 30, 369, 36, 355, 42, 47, 48, 504, 54, 402, 60, 56, 66, 180, 72, 61,
1, 334, 1, 133, 6, 471, 12, 107, 18, 465, 24, 525, 30, 499, 36, 40, 42, 273, 48, 296, 54, 672, 60, 240, 66, 472, 72, 14, 78, 210,
1, 501, 1, 279, 7, 97, 14, 69, 21, 42, 28, 286, 35, 56, 42, 81, 49, 104, 56, 35, 63, 231, 70, 223, 77, 335, 84, 23,
1, 619, 1, 309, 6, 59, 12, 371, 18, 595, 24, 416, 30, 449, 36, 313, 42, 273, 48, 53, 54, 484, 60, 227, 66, 602, 72, 7,
1, 619, 9, 18, 16, 679, 24, 220, 31, 83, 39, 215, 46, 710, 54, 273, 61, 458, 69, 334,
1, 237, 1, 526, 9, 618, 16, 556, 24, 113, 31, 483, 39, 91, 46, 565, 54, 143, 61, 102, 69, 675, 76, 479,
1, 303, 1, 275, 11, 243, 20, 332, 29, 388, 38, 371, 47, 102, 57, 500, 66, 510, 75, 206, 84, 566, 93, 269,
1, 161, 10, 351, 19, 44, 28, 380, 37, 375, 46, 317, 55, 503, 64, 238, 73, 35, 82, 42, 91, 509, 100, 368,
1, 672, 1, 168, 10, 127, 20, 239, 30, 224, 40, 155, 50, 326, 60, 79, 70, 392, 80, 484, 90, 460, 100, 491,
1, 400,
1, 321,
1, 151,
1, 590,
1, 367,
1, 60,
1, 332,
1, 282,
1, 310,
1, 595,
1, 111,
1, 453,
1, 371,
1, 608,
1, 17,
1, 129,
1, 259,
1, 596,
1, 459,
1, 113,
1, 458,
1, 467,
1, 48,
1, 78,
1, 277,
1, 21,
1, 339,
1, 354, 10, 468, 10, 64, 10, 283, 15, 210, 20, 399, 20, 62, 20, 501, 25, 135, 35, 91, 35, 226, 35, 285, 45, 223,
1, 208, 10, 692, 10, 338, 10, 526, 15, 572, 20, 577, 20, 473, 20, 87, 25, 292, 35, 66, 35, 188, 35, 517, 45, 384,
1, 471, 10, 393, 10, 120, 10, 536, 15, 562, 20, 56, 20, 572, 20, 428, 25, 205, 35, 538, 35, 298, 35, 256, 45, 371,
1, 31, 1, 170, 7, 90, 13, 282, 19, 207, 25, 262, 31, 157, 37, 244, 43, 286, 49, 345, 55, 329, 61, 167, 67, 441, 73, 292,
1, 170, 1, 605, 7, 251, 13, 596, 19, 275, 25, 408, 31, 261, 37, 182, 43, 236, 49, 471, 55, 262, 55, 266, 61, 19, 67, 409, 73, 101, 73, 589,
1, 72, 1, 205, 7, 579, 13, 255, 19, 611, 25, 418, 31, 212, 37, 335, 43, 573, 49, 54, 55, 707, 61, 406, 67, 100, 73, 43,
1, 12, 10, 494, 15, 94, 20, 143,
1, 58, 10, 590, 15, 388, 20, 263,
0, 168, 1, 468, 1, 475, 1, 710, 1, 142, 1, 206, 10, 409, 15, 23, 20, 108, 23, 73, 26, 143, 29, 598, 32, 268, 35, 55, 38, 684, 41, 272, 44, 497, 47, 360, 50, 502,
0, 682, 1, 258, 1, 179, 1, 423, 1, 575, 1, 370, 1, 452, 10, 374, 15, 430, 20, 295, 23, 504, 26, 21, 29, 187, 32, 105, 35, 349, 38, 186, 41, 118, 44, 42, 47, 106, 50, 188,
0, 166, 1, 203, 1, 39, 1, 502, 1, 400, 10, 207, 15, 361, 20, 453, 23, 345, 26, 200, 29, 710, 32, 8, 35, 460, 38, 412, 41, 263, 44, 31, 47, 393, 50, 312,
0, 166, 1, 312, 1, 414, 1, 489, 1, 345, 10, 231, 15, 65, 20, 452, 23, 247, 26, 715, 29, 562, 32, 469, 35, 525, 38, 371, 41, 375, 44, 275, 47, 260, 50, 465,
0, 343, 1, 390, 1, 283, 1, 484, 1, 98, 1, 214, 1, 189, 15, 311, 20, 25, 28, 136, 34, 421, 41, 410, 48, 694, 55, 612, 62, 482,
1, 361, 1, 542, 5, 186, 10, 620, 15, 92, 20, 244, 25, 101, 31, 11, 35, 310, 40, 208, 45, 670,
1, 401, 1, 88, 1, 167, 1, 181, 15, 184, 20, 280, 25, 182, 33, 612, 39, 58, 46, 69, 53, 129,
1, 23, 1, 211, 5, 162, 10, 147, 15, 584, 20, 314, 25, 573, 30, 208, 35, 75, 40, 117, 45, 675, 50, 284, 55, 71,
1, 602, 1, 299, 5, 109, 10, 503, 15, 391, 20, 70, 25, 75, 30, 342, 35, 138, 40, 259, 45, 375, 50, 133, 55, 8,
1, 190, 1, 542, 5, 223, 10, 369, 15, 672, 20, 348, 25, 605, 30, 51, 35, 40, 40, 694, 45, 275, 50, 483, 55, 343,
1, 351, 1, 694, 5, 160, 10, 279, 15, 205, 20, 181, 25, 359, 30, 505, 35, 172, 40, 246, 45, 167, 50, 463, 55, 50,
1, 471, 1, 157, 5, 399, 10, 584, 15, 420, 20, 362, 25, 418, 30, 410, 35, 370, 40, 135, 45, 258, 50, 115, 55, 195,
1, 203, 1, 332, 7, 24, 14, 457, 21, 573, 28, 475, 35, 673, 42, 338, 49, 517, 56, 154, 63, 37, 70, 383, 77, 275, 84, 183,
1, 173, 10, 123, 19, 416, 28, 439, 37, 304, 46, 256, 55, 75, 64, 5, 73, 59, 82, 231, 91, 260, 100, 362,
1, 464, 1, 393, 10, 403, 20, 562, 30, 272, 40, 515, 50, 483, 60, 299, 70, 566, 80, 262, 90, 103, 100, 400,
1, 278, 1, 444, 10, 322, 20, 619, 30, 77, 40, 258, 50, 488, 60, 243, 70, 620, 80, 345, 90, 407, 100, 367,
1, 234, 1, 283, 10, 383, 20, 297, 30, 406, 40, 104, 50, 95, 60, 236, 70, 115, 80, 201, 90, 44, 100, 457,
1, 424, 1, 192, 10, 618, 20, 380, 30, 595, 40, 353, 50, 446, 60, 374, 70, 63, 80, 389, 90, 266, 100, 330,
1, 437, 1, 521, 10, 202, 20, 153, 30, 422, 40, 492, 50, 430, 60, 343, 70, 108, 80, 136, 90, 22, 100, 371,
1, 470, 1, 210, 10, 423, 20, 94, 30, 482, 40, 395, 50, 226, 60, 199, 70, 670, 80, 225, 90, 430, 100, 436,
1, 184, 1, 39, 10, 179, 20, 263, 30, 249, 40, 130, 50, 47, 60, 18, 70, 32, 80, 102, 90, 475, 100, 464,
1, 235, 1, 52, 10, 486, 20, 59, 30, 68, 40, 120, 50, 336, 60, 127, 70, 157, 80, 175, 90, 384, 100, 7,
1, 11, 1, 294, 10, 521, 20, 19, 30, 581, 40, 618, 50, 196, 60, 339, 70, 295, 80, 121, 90, 252, 100, 38,
1, 296, 1, 32, 10, 127, 20, 258, 30, 579, 40, 457, 50, 261, 60, 452, 70, 682, 80, 209, 90, 313, 100, 264,
1, 602, 1, 32, 10, 310, 20, 104, 30, 395, 40, 245, 50, 483, 60, 490, 70, 106, 80, 72, 90, 599, 100, 715,
1, 259, 1, 446, 10, 88, 20, 277, 30, 580, 40, 91, 50, 585, 60, 173, 70, 197, 80, 232, 90, 618, 100, 260,
1, 113, 1, 335, 10, 71, 20, 438, 30, 575, 40, 453, 50, 620, 60, 224, 70, 155, 80, 303, 90, 398, 100, 11,
1, 33, 1, 139, 10, 580, 20, 235, 30, 585, 40, 202, 50, 408, 60, 384, 70, 86, 80, 510, 90, 127, 100, 246,
1, 317, 1, 379, 10, 251, 20, 214, 30, 239, 40, 117, 50, 501, 60, 262, 70, 568, 80, 365, 90, 209, 100, 224,
1, 583, 1, 67, 10, 157, 20, 71, 30, 349, 40, 471, 50, 383, 60, 120, 70, 136, 80, 40, 90, 400, 100, 573,
1, 139, 1, 441, 10, 692, 20, 360, 30, 14, 40, 84, 50, 76, 60, 286, 70, 7, 80, 536, 90, 212, 100, 101,
